"churn","Undersampling_0.4","Undersampling_0.5","Mixed_Sampling"
0,0.158434181395487,0.114507438969624,0.366144294812674
0,0.30465278975103,0.225456180911551,0.295981256703523
1,0.757247019893219,0.667986247604157,0.345229750764347
0,0.0246900972074315,0.0161768014676416,0.360389978004183
0,0.422762477850769,0.329273722474933,0.30733077634022
1,0.231917163937678,0.155800236743002,0.242998668135386
1,0.918497084374172,0.885988228559233,0.175727735740967
0,0.649512058304358,0.552189429020173,0.234418503972181
1,0.767885165277007,0.680888065990822,0.290223346152305
0,0.181449175972218,0.128376434454039,0.314196603162132
0,0.080161959199677,0.0516939609513415,0.318800605566687
0,0.694363543866892,0.600128209989618,0.308123285938186
0,0.57832312469569,0.475921128416677,0.345475722855866
1,0.831789245351956,0.772026664766942,0.186961151974355
1,0.796629030578596,0.720494309845906,0.333269977152029
0,0.59998139768984,0.503777009971102,0.138273544463663
0,0.201822933526773,0.140742749943199,0.207067129062048
0,0.501986835664398,0.401224045005478,0.193498000344065
1,0.73739767320669,0.650847823327385,0.325903683404334
0,0.561645513057737,0.458255737169436,0.36248825383956
0,0.365964162533086,0.277955813711596,0.38941694203626
0,0.369057528853202,0.277317410042986,0.360832337684668
0,0.0454958647250602,0.0296959897590742,0.280300691293549
0,0.790324595309536,0.707850211813467,0.36723535426951
0,0.0260978761665427,0.0170854152608229,0.401826463797536
0,0.0154658327290887,0.0101149975607854,0.219532683578302
0,0.0280262212483556,0.0180636105280564,0.213150276418594
0,0.0994839613635558,0.0664438646679955,0.338467350034522
0,0.139096535911896,0.0984553565578826,0.407907364780967
0,0.606643023966096,0.493513639272245,0.351958900804233
0,0.146533744943408,0.0962279562644722,0.142152766862427
0,0.104053353244271,0.0667496364943494,0.152843412643937
1,0.722953467154025,0.633236196303189,0.266737155907685
1,0.856653694601495,0.800361568508435,0.192038224223167
0,0.261718028873861,0.187182666564513,0.263568111878307
0,0.606960753791699,0.500514481544408,0.354856281262496
0,0.0540696486600611,0.0344583281942086,0.377263177285406
0,0.923714601122802,0.890016117225432,0.22682278115356
0,0.355861800168461,0.271023765025618,0.294784199849516
0,0.143091458348529,0.0943086947349882,0.292760095236459
1,0.91637640942935,0.880708598749,0.328917228121826
0,0.867076041530454,0.820229425714416,0.298516182752115
0,0.292689078878707,0.216125212200524,0.298424275233883
0,0.350810811462464,0.262983810182241,0.397706247060979
0,0.0348666152735906,0.0228783796908363,0.228644391309453
0,0.625406877259639,0.529138372171595,0.298904195959488
0,0.874512450706949,0.822081464387141,0.177564374540476
0,0.812959460279856,0.746684444143994,0.241998656001751
0,0.00945429427106404,0.00584743586859585,0.330850597394175
0,0.434640055582101,0.343710246747684,0.382308361874991
0,0.0133201614112173,0.00849303318053047,0.296758506617254
0,0.315649168175951,0.242686587684073,0.247684472152024
1,0.568200784287118,0.47180651711862,0.25534273933908
0,0.554543302081425,0.455677482088975,0.388272477182109
0,0.12242165850212,0.0848066594371112,0.317691101243695
0,0.659674103693938,0.56965708758868,0.275580935508976
1,0.693632586324859,0.596092970295856,0.242524389078635
0,0.143198992160413,0.0934950335152426,0.2245530434879
0,0.523428666521191,0.429048442620974,0.219468797797373
0,0.0739289794954873,0.0488340746179499,0.328073494677218
0,0.604582208011652,0.498510601818838,0.241620082955229
0,0.504150843881583,0.403124076949935,0.285458499948422
0,0.0317250852593159,0.0198930816858617,0.241431275025822
0,0.448312218301633,0.344841533397374,0.23282460445572
0,0.0333138634671891,0.0216468255489603,0.191575622876624
0,0.375399597757577,0.283065915327635,0.305051026834335
1,0.689392194540465,0.604162395580823,0.177652479746968
0,0.54733562046916,0.453749848226229,0.216061784608312
1,0.480078960457196,0.389228290305124,0.316888104924272
1,0.876465192426814,0.820685863189121,0.41019439607118
0,0.797227826461506,0.726332564732375,0.321208614416731
1,0.0269450688342833,0.016849916487097,0.354447954535403
1,0.911488056563612,0.87917040192024,0.267049429889864
1,0.897529732393779,0.85761650111159,0.18407796263624
0,0.501445816338972,0.400749817101391,0.500385822268085
1,0.802807146323854,0.731199667569579,0.314453496740378
0,0.0897666695358472,0.058002637075243,0.342714630274392
0,0.457736341613595,0.355193334657072,0.266924653509588
0,0.192809430373243,0.142370208379139,0.278849893293654
1,0.845468167313904,0.794144895717516,0.213337884140667
1,0.925236622123887,0.89250534717772,0.230847668833819
1,0.792377678099342,0.720973274629736,0.450502290787795
1,0.889894960777668,0.843841546767027,0.252556532374996
0,0.695798431007554,0.606560916111164,0.313590541838544
0,0.653057355860548,0.559648046991494,0.409466338615361
0,0.014529754818652,0.0092594823589328,0.344357509327235
0,0.22427792430183,0.154672662461922,0.274826167931759
0,0.675981923109457,0.567635438422195,0.278362397294158
0,0.901502744263241,0.861812334417724,0.20673488802106
0,0.0475197457484414,0.0311657255336489,0.242477183725334
0,0.397058200448308,0.304361553031113,0.444383107404349
0,0.465096693884521,0.367903623723224,0.276646426526008
0,0.885245500308935,0.833399635315081,0.339435805625238
1,0.504691800011521,0.403599853267797,0.366498015324587
0,0.158941692673182,0.112494572157424,0.398561501325616
1,0.904114977285769,0.867391459760318,0.365855441732059
0,0.655121050443124,0.560801167492993,0.354351224887551
1,0.875843173921353,0.829481146566327,0.282873445984688
1,0.503609863650652,0.402648605606662,0.271711447912394
1,0.902986615843659,0.861459440808833,0.318172760053049
0,0.864168033664382,0.810174867069245,0.284271212426527
0,0.0526658444374295,0.0325970077672916,0.295781545584927
0,0.481864810027122,0.379837376865474,0.452261729379953
0,0.0668865484231079,0.0438053685268699,0.3259921297633
1,0.797944235422785,0.722665168008406,0.287507321143427
1,0.801770519795017,0.717298979977801,0.353068695333577
0,0.0871755105148509,0.0566283931282132,0.472993013062006
0,0.256100189206475,0.180114122193816,0.221300998162979
0,0.214162546444256,0.155970259413497,0.270364243346673
0,0.36051055815442,0.273427953199729,0.440129566519786
0,0.251759218976635,0.17699343362313,0.317966363886798
0,0.360328577775936,0.265200519269388,0.251911075243286
0,0.565383033190911,0.480007671824035,0.2446067943712
0,0.8865478615393,0.840817295209603,0.255611752895492
0,0.0416107978841666,0.0264243268010749,0.209503393497223
1,0.78381251889781,0.71471780006784,0.259931152927303
0,0.826184003575306,0.755496609310719,0.276695073367175
1,0.25292525474002,0.17668950880592,0.231029432796161
0,0.744472171198219,0.649627812440918,0.397128688127311
0,0.288296240660527,0.213417391492026,0.239300788919523
0,0.0623030700433191,0.0407208961386999,0.40470920396632
0,0.127710304961698,0.0939325736526711,0.33468147007465
1,0.910262686341801,0.874173676089007,0.32522490256013
0,0.589450662795784,0.503525155659271,0.297707169938375
0,0.594620204112759,0.502751768434065,0.143956854865198
0,0.407043051150227,0.315854193003709,0.245424449275682
0,0.891322739334901,0.845173215493987,0.203733548264776
1,0.685279526076242,0.584418345795417,0.37230248371938
0,0.0361953068596485,0.0238698077216657,0.315491244608423
0,0.272658267543983,0.203788554274123,0.283201687058406
0,0.0142682699478019,0.00918926852914461,0.318085360310615
0,0.754060932069864,0.671988606580024,0.190722071572582
1,0.808039617278019,0.748326206876883,0.440097580642646
0,0.152241093852359,0.104604404028012,0.253872719994524
1,0.621302668165301,0.520000034061468,0.358268301623135
1,0.902003459487163,0.861183493460415,0.396382896374525
0,0.484550383297483,0.387902247614843,0.443567516120537
1,0.81577885776914,0.746410282903482,0.308615284529655
0,0.0171546040866777,0.0113951432913576,0.381226993016318
0,0.276971080953077,0.208992722447406,0.363190496142613
0,0.0198700660324556,0.0126423393165215,0.291816889826192
0,0.575254571434057,0.471887505052085,0.332234716028024
0,0.227421948336736,0.17013158919255,0.337065033805672
1,0.498928026241328,0.396795243012389,0.206712688400991
0,0.180958096471306,0.126626696704744,0.20962268306708
0,0.0178154173704752,0.0114317116880546,0.316775678214388
0,0.442390066237567,0.33592987749932,0.459383300001285
0,0.0445347117714775,0.0296818993616558,0.325702319137204
1,0.909226410065073,0.870885087328654,0.365512460756362
0,0.701298128449397,0.608457474969694,0.276272572155927
1,0.344238523254996,0.238682840658934,0.463421085140064
1,0.681562363045164,0.59863405430128,0.311754993380755
1,0.831413549162543,0.770695937620954,0.326418875824288
0,0.133119120867739,0.0909581260502552,0.153375297279379
0,0.849313370894268,0.790526535846074,0.331829801208188
1,0.864981718803664,0.81400311330031,0.179385357249649
0,0.667521074654604,0.572969073335343,0.363145978182972
0,0.712613697928757,0.631058531533036,0.4286380178181
0,0.583360632130596,0.476715749665165,0.32489088630616
0,0.583837171113404,0.473404205335167,0.308946260594908
0,0.598680783632093,0.50745912410464,0.273850068918169
0,0.647342428071186,0.551604157481593,0.140154565922899
0,0.0639698726506036,0.043025374298658,0.367064473541767
1,0.80700274920308,0.738979392632755,0.369003564605575
0,0.604852798613796,0.508778672760708,0.393678751500347
0,0.217775966976487,0.156358668726245,0.307993384334209
1,0.739332045996595,0.649338962412669,0.316700605408041
0,0.610685255641662,0.499747677813858,0.403860213718979
1,0.53279542672931,0.435461598737271,0.459344927160118
0,0.658251406562638,0.551478233274279,0.168493610815556
1,0.776739360585256,0.708776015006557,0.31123039656434
1,0.677290716431086,0.579101266694606,0.243500874493851
1,0.87429199517597,0.825786798662004,0.321366045437196
0,0.856869276900002,0.800419549657766,0.461683178176453
0,0.189584189558505,0.136579995175296,0.312371780261967
0,0.0217582386157698,0.0142285357048998,0.407588108418985
1,0.573473829214309,0.47884600936004,0.510543231140441
1,0.413889542835499,0.316793209816017,0.263637790272079
0,0.12758702020564,0.0855667459204671,0.26886236678563
0,0.0305455021570091,0.0192401170074803,0.403294365841287
0,0.896681557560563,0.856090593228316,0.288182078555678
0,0.690465005894709,0.595142709386641,0.276521379311794
0,0.270841233344282,0.198883270235968,0.354147420220427
0,0.473281821360242,0.366371601901131,0.364121956264644
0,0.161201509959786,0.116108635459917,0.430149610775756
0,0.0985003977348179,0.066848207797546,0.426299283959501
0,0.338145814997486,0.247090855437794,0.281001162683234
0,0.250317821846498,0.174042546540782,0.354079767388029
0,0.0657839884098103,0.0412768735069511,0.386595579645268
0,0.586922032063512,0.482868948726945,0.288652754637487
0,0.472568820326617,0.380758386909226,0.219722633124178
1,0.88789868199804,0.846832111031573,0.351555915127177
0,0.284512745615617,0.208016484438513,0.397900671121064
0,0.246244864576253,0.178879360122756,0.393126332141865
0,0.405467728317062,0.312600489830114,0.286836602265234
1,0.571910427865389,0.458422039761408,0.324565019405558
0,0.504837255648576,0.401593360121801,0.297374079196836
1,0.0498442219809802,0.0329425128634908,0.260819976074583
0,0.800239521611999,0.730510246184133,0.301115986939398
0,0.534059271500805,0.433684156899847,0.272371634989921
0,0.804250599568288,0.727992498196102,0.193626298346656
0,0.0207941132367753,0.0138308889269708,0.260390196276052
0,0.0932338953669036,0.0627522927885923,0.307549502391951
0,0.0605947531493131,0.0398799430238825,0.32225391658011
1,0.930808309317991,0.900495578572285,0.345558547036813
0,0.493179579573719,0.381244808142267,0.194161179041951
0,0.107652967802875,0.0703502155632285,0.38613094831821
1,0.910399152507641,0.877652196425534,0.42333598526244
0,0.778576154116013,0.706030196446609,0.355681600699291
1,0.833227813825613,0.772686950994527,0.279305085049071
0,0.846406160603462,0.781842990997038,0.310982244498966
0,0.102626041178032,0.0688379031112672,0.199887408070256
1,0.450927046925173,0.34915425376996,0.217378123552208
0,0.0902958887491716,0.0563070584628535,0.304659895405355
0,0.694450207300844,0.599296060272926,0.390597544935753
1,0.821501441798177,0.752519059595485,0.406688355682113
0,0.387693099199892,0.29304233916304,0.284490596046634
0,0.124914833569716,0.0833157894223167,0.375220623352968
0,0.316305692811066,0.237633289035733,0.31765342466129
0,0.0633173403970709,0.0437061534366262,0.377349550671731
1,0.664808684135708,0.572626949559104,0.325237954574817
0,0.234817961583585,0.17395272423394,0.390341475129613
0,0.175303625456798,0.116774874722702,0.141475525124552
1,0.934188953562924,0.90507844350101,0.473222055716591
0,0.392565930294445,0.298019312400373,0.305962828057652
0,0.328146887185183,0.247662735608254,0.400348309500815
0,0.854291881766017,0.788980463059771,0.515866809429254
0,0.256370699380493,0.191495900774857,0.353217381632302
0,0.0221687086496986,0.0142082226115469,0.280057082597209
0,0.399713618418696,0.302117968868132,0.372064992889068
1,0.923167267844688,0.887933731820129,0.314506843518489
0,0.841743334079766,0.777797662566583,0.398458800000224
0,0.758187664554857,0.6837702111743,0.445127066675769
0,0.713786942117133,0.612423236036515,0.218617455624249
0,0.0227748249570862,0.0150053076656888,0.224228950559604
1,0.845551941674347,0.788699832669505,0.227178445163129
1,0.890639175526492,0.848242535587116,0.332732085591854
1,0.90194586900063,0.86334117439154,0.439203781977545
1,0.869953477749696,0.814511828000334,0.282046407494863
0,0.224550268950758,0.162503347238941,0.303398552881638
0,0.262996260847692,0.185694965176434,0.319839217865351
0,0.0218719204708797,0.0145080367374799,0.207377320133746
0,0.411039111087207,0.315271624633851,0.385833409822491
0,0.0552273127878017,0.0364516346235024,0.184535449562384
0,0.0209338236349811,0.0137204900674769,0.408912239337896
0,0.416146846384722,0.322280565449712,0.261310225165766
1,0.707719536822491,0.621630683216112,0.333174992858468
0,0.664398397333769,0.560426276951113,0.284901128877572
0,0.163517414271997,0.107131423111758,0.118496038495768
0,0.182967919738933,0.126942946963523,0.193746362479112
1,0.90261793589723,0.86647516421814,0.402456297386022
0,0.109375855538409,0.0725465486721814,0.164611752333126
1,0.784581956768661,0.709262136679743,0.212158059896493
0,0.513339148675457,0.411251793338282,0.17639763845547
0,0.494642750383111,0.37690759881914,0.399509329280733
1,0.816701982255846,0.752565537013065,0.17335891387892
0,0.179184610365499,0.124998102347421,0.217673641062392
0,0.377507840030312,0.295377522091586,0.229317316554328
0,0.0184348813207914,0.0117876192461092,0.25029530678577
0,0.575293346680081,0.453493740985396,0.310192868603589
0,0.838082018667811,0.775431195051531,0.338155488495243
0,0.0540068841756134,0.0374730011136734,0.283550117435677
0,0.816371588808243,0.755911702608244,0.360489423562906
0,0.0687239445878572,0.042701063083231,0.331485076041506
0,0.554878879025972,0.450121403724288,0.281354007079653
0,0.712508281641877,0.618612357476035,0.359963006012727
0,0.0191851270404138,0.0123441528699454,0.24318038449883
0,0.907022318365528,0.865795965128772,0.273523013883801
0,0.0570847623883679,0.0395361857265347,0.314329251699589
0,0.128264319394289,0.0870253701019089,0.445717504159489
0,0.606283753907609,0.500243284518479,0.393071807070151
0,0.184054589927395,0.13198213397762,0.361512482042891
0,0.08287983299609,0.0534833823328838,0.199386725505636
1,0.749889545609348,0.674277728289677,0.31087331474142
1,0.821147073519077,0.760171803609784,0.321764948811294
0,0.314350859384042,0.231844689246633,0.292128731987786
0,0.523949632849279,0.426185819538087,0.301181834246667
0,0.292949426165018,0.211763132793357,0.263729605355258
0,0.332484123489728,0.252652049636283,0.343642869387508
0,0.129356819991482,0.0909399755555454,0.252958036133637
1,0.751993534894354,0.669188472487162,0.301421370085262
1,0.792620433889874,0.719815007095583,0.356323296024191
0,0.0544782569245476,0.0361881565570418,0.432310199701541
0,0.0149268420622141,0.00968673284498677,0.389301684306263
0,0.655986450998835,0.556518031348262,0.381576819091863
0,0.0316085366438759,0.0208127819207672,0.178088243178065
0,0.745106198623796,0.662488152192839,0.310113807421819
0,0.896329029013887,0.848128110576557,0.25635312806298
0,0.138959285227535,0.0967736354360025,0.302275332393213
1,0.296737957182632,0.222745905854004,0.32325937720055
1,0.873022555765728,0.825897118686855,0.263151709315853
1,0.870344033518573,0.816380314517078,0.360805804260048
0,0.215168364445091,0.153446973495608,0.314828671848714
1,0.898603740363678,0.856171186192072,0.349811518147314
1,0.834137614219437,0.778965856275635,0.310434253149006
0,0.749267378889846,0.65732333487626,0.325482069430488
1,0.928005591992375,0.899091216150856,0.345856331530857
0,0.472158463714183,0.370795642672288,0.26827680980257
1,0.751317445854036,0.664643082030048,0.500885929656199
0,0.748280800941838,0.656537906149079,0.423230714070573
0,0.0432836577324443,0.0270103380688541,0.275887788908097
0,0.292855896260536,0.21908469960826,0.255003266460562
1,0.905247607140016,0.868364565282312,0.200199029271763
0,0.873780860990088,0.821762018086604,0.415230934657713
0,0.604847512370934,0.504738937354362,0.308882650022
1,0.465563494315916,0.365823254622289,0.311089550403954
0,0.107237964107001,0.071273889701426,0.391808613713314
1,0.933490078504187,0.904114654666164,0.334712545566894
1,0.717584450500549,0.621065822956907,0.208149436417496
0,0.492117014187309,0.386284231869257,0.279184343280235
0,0.748318106609467,0.675300625276499,0.490298952180583
0,0.339208985526467,0.253739821424954,0.330132063045662
0,0.0314651651353308,0.0202814975957392,0.196249817207526
0,0.124710276452443,0.0841826904064145,0.511505809843633
0,0.659198477209023,0.5722114086778,0.250625713112931
0,0.0624531279855813,0.0415446904627587,0.287785981759924
1,0.892208721545013,0.856471267217984,0.31010544714835
0,0.0689164961302746,0.0447286781267727,0.095112203085777
0,0.577913188671636,0.466579106845839,0.317370663940048
0,0.0528934154826488,0.0343547463429912,0.392370969044929
0,0.304372423355952,0.219816840874225,0.467891610193867
0,0.134239551230718,0.0958691351889667,0.259049179226997
0,0.204096212480027,0.139394210825257,0.282851322528495
0,0.754999432042974,0.679148705452273,0.384784764392016
1,0.728639678950397,0.644823026749273,0.30672800398152
0,0.283040707820935,0.208848562616186,0.180704863693824
0,0.655441023545482,0.546829062088147,0.365936990131009
0,0.329171323937793,0.24290240179604,0.426763262326002
0,0.733934180593432,0.645167208215725,0.348302980736615
0,0.0532388368613503,0.0348875757899389,0.262543622267859
1,0.870529331196356,0.814853555303104,0.397532282430718
0,0.0695291586922216,0.0454304687531843,0.361911170578306
0,0.891191827209243,0.846778399409347,0.330932107969325
0,0.0198399050854347,0.0127732144779166,0.292821147381948
0,0.366250577714724,0.263842719852037,0.340735592080621
0,0.360462124416401,0.272463773752817,0.274037026533383
1,0.848158091188673,0.786790630755882,0.21914245766808
0,0.0147666160149395,0.00945025466087761,0.267832083587197
0,0.280428236048094,0.212669756348888,0.329869335757019
0,0.194581642781711,0.135237478444715,0.397523567557424
1,0.912760588434926,0.87686727310264,0.371872469030056
0,0.261112974083485,0.197694642130425,0.364129421407664
1,0.910803802679223,0.875944910277107,0.279938195579286
0,0.0189926573954305,0.012006774687514,0.30885427372761
0,0.872978062023227,0.819367770784664,0.21316603983865
0,0.0533059290798625,0.0351944977031999,0.324286692444222
0,0.0664113791963067,0.043908393858458,0.302787795106371
0,0.880508961414639,0.83181395345975,0.263467941708707
0,0.00938648486275244,0.006002988586599,0.413084749667247
0,0.54355372352133,0.445216049699415,0.287049517063631
0,0.196100487958711,0.138524264798126,0.170244831680203
0,0.193662253587147,0.14126612541619,0.176673906313595
0,0.549002885077918,0.441960111374769,0.328704518368529
0,0.482473691984216,0.374895687443093,0.354179366702353
0,0.571724021009004,0.471417782369162,0.375088954197582
0,0.447129044512183,0.349489735198188,0.234396098409194
0,0.0123869008747133,0.00798760684869546,0.258376372898697
0,0.176176217702636,0.118914350779892,0.197090827169178
1,0.879097764133713,0.834443670117379,0.354279378229008
0,0.0389307489574159,0.0258103649847262,0.301753816874051
0,0.232628794958687,0.168113743658895,0.42781384671811
0,0.0157041437361244,0.00968401170509651,0.314549044534379
1,0.854722184346561,0.796122249289931,0.273309255270982
0,0.057681009874615,0.0354597865946001,0.293670976480538
0,0.648611353525652,0.555086688877235,0.235300695579841
0,0.829547437264917,0.771792831268836,0.354692903729743
1,0.775245711273211,0.702494897779667,0.317815552384471
0,0.0462244843841505,0.0306081449140184,0.333110972502412
0,0.296567331385061,0.22094485772139,0.251427635478311
1,0.848307272557207,0.787187637748917,0.308199371526205
0,0.0413572066445008,0.02635481980113,0.382477054971088
1,0.305402667376649,0.226006628569359,0.281244822182178
0,0.0308583030317317,0.0196215886020407,0.176286697433306
0,0.85933974497312,0.808627759186066,0.216100998733902
0,0.0594492138658513,0.039905976416852,0.277100905063175
0,0.183628281758069,0.122797645927317,0.380357174511822
0,0.7677916850198,0.692472198716881,0.356968900374121
0,0.0710271422706222,0.0472843244979827,0.335526999094784
0,0.0400224100198257,0.0254679021595364,0.324794404052162
1,0.91358416718451,0.874669229142843,0.289988319635015
0,0.19957233362878,0.144498688217836,0.241741102993279
0,0.0151788537709585,0.00995517195736544,0.38169623793111
0,0.832028762235627,0.773287890648152,0.320108012760946
0,0.451107421713395,0.342509734026987,0.35099177479458
1,0.718519662730671,0.623761423246383,0.310267394442609
1,0.832438949773596,0.77203879542928,0.255848290172553
0,0.0135853620864187,0.00877660662101899,0.348380917883288
0,0.0452429002824369,0.0292564065760652,0.287339062432119
0,0.340802537718038,0.253318281233008,0.327273454320134
0,0.417458627433715,0.320596283956669,0.203333309590116
0,0.199210722534191,0.141103372250637,0.262532567980243
0,0.202205454168589,0.146364454524993,0.450977849900161
0,0.300905486982,0.210127612824853,0.19171929555103
0,0.734389743813765,0.652127009744135,0.363368303872796
0,0.106381011699046,0.071798816403293,0.331086331819109
1,0.696379108853113,0.608380529443755,0.268792004712369
0,0.112132611144531,0.0753804450991155,0.342248614163304
0,0.0213833002303639,0.0140607490660685,0.480001737926595
1,0.740831056733795,0.658699066361656,0.232919780506147
0,0.847957611932771,0.784305606061147,0.163176219819424
1,0.856344183354822,0.803190059714328,0.230534108951205
1,0.864008451470538,0.807032425704487,0.288846917568505
1,0.872445788700726,0.820664853150579,0.432505510688194
0,NA,NA,0.333901742318999
0,0.50704730552358,0.40055319624248,0.303101839678759
0,0.37116964405352,0.28587592788738,0.408329267836238
0,0.55846450873518,0.459172169632178,0.274103856843387
0,0.460475575131995,0.352861309369153,0.218881788687692
0,0.814747691776853,0.738558303935707,0.418502963650374
0,0.0592731672146318,0.0384199289968929,0.326170066511249
0,0.730948506050515,0.65088791708056,0.257581388226422
0,0.71956499166457,0.636532024131742,0.469220999895677
0,0.245426924199658,0.175723347142337,0.30021439284385
1,0.923034295771696,0.892547881214143,0.317766840328777
0,0.892634588031416,0.849375880832928,0.285020238366213
0,0.414098586878983,0.32184595148823,0.424169057831083
0,0.199484552851228,0.140304500154487,0.432114577025146
0,0.0743684911109488,0.0497094403451329,0.26375974502769
0,0.15500747206997,0.101959441639915,0.329427981622137
1,0.89035751162581,0.848950289594374,0.437799042167128
0,0.0109273204016467,0.00700533708272996,0.372872595923225
1,0.268977141431807,0.186393029822711,0.275228150524241
0,0.54595701556345,0.44826317706348,0.392701059827391
1,0.910727082329515,0.875717332144265,0.339298078472936
0,0.107953730823721,0.0747204919607984,0.325367544385269
0,0.807879161259782,0.735768747074869,0.348217161073603
1,0.843960975413576,0.785558783414991,0.352380041636571
0,0.102756133994555,0.0719040353637357,0.325514443006867
0,0.349533483646895,0.270920785919247,0.261003096640639
0,0.898261946157141,0.862409263821372,0.224257679458741
1,0.89086856665555,0.847240837067918,0.439397473038792
1,0.807078587568303,0.736662158840736,0.256621605285015
0,0.0213460611814569,0.0139174052033377,0.268686509406719
0,0.494297680412215,0.395488253154769,0.36483336778672
0,0.115676864082805,0.0802899957663375,0.462264923191094
0,0.086135932109851,0.0568486554522894,0.230364480715787
0,0.0154738479469497,0.00981651258653596,0.263293075620307
0,0.578119994877642,0.486722749193812,0.370888219546033
0,0.0557805605154136,0.0366423460956343,0.260577175118539
0,0.296839632354314,0.216704532025222,0.094880489288712
0,0.778875113648803,0.700127869698407,0.489240932215156
0,0.633640236128042,0.53760042295911,0.428345554389158
0,0.131832119597304,0.088215723915373,0.297755174307474
0,0.01649953116051,0.0103958195005222,0.275109067266413
0,0.0816962301152308,0.05236373166348,0.262428636337302
1,0.660477464032014,0.557305231650356,0.276623221689715
1,0.437596736158864,0.344782384908381,0.37729747286241
1,0.923326341570829,0.888133040948759,0.250123142811393
1,0.718684304351589,0.626201731483773,0.379352200056176
0,0.0570421516793346,0.039807468735719,0.352685043868284
0,0.643583513997887,0.544187312483124,0.395351568985465
0,0.805577991071721,0.731075892213916,0.383313071247724
0,0.241421204367252,0.170562109435529,0.368877505868824
1,0.869897070189261,0.817620566437482,0.383633697318264
0,0.523669326451025,0.42596620452516,0.276711349568667
1,0.916708695327415,0.882046846565143,0.323126424503989
0,0.163974679677273,0.118139980145951,0.333741341876322
0,0.270851754574875,0.191686778826925,0.263851092295971
0,0.253887653736068,0.181837716020741,0.439333355040947
0,0.0990257364078353,0.0678983375772663,0.176224339880849
0,0.0589237770359971,0.0365172595470764,0.0884371435255835
0,0.329005157398352,0.24616157916271,0.34284355039581
0,0.262266840016498,0.192538784892378,0.170006712512454
0,0.498332540676122,0.399229057177283,0.41551854853925
0,0.722507384700081,0.625737495255863,0.260897296341806
0,0.660791451346853,0.560532634686341,0.317314248594921
1,0.892560984495003,0.850762835277681,0.313585152247372
0,0.761972793297194,0.678021086491685,0.495055037890777
1,0.648757681589181,0.533421171910356,0.333514438003282
0,0.0622598639626422,0.0428476636133744,0.262434712198714
0,0.542593445850747,0.440015576165754,0.33902538555675
0,0.141827632868047,0.103338088791475,0.442331361192029
0,0.826501063292976,0.764475072247119,0.377732785117369
0,0.556568809445362,0.452332089085318,0.35803162618567
0,0.468548066175025,0.371269495446428,0.254361443502335
0,0.180464314237506,0.119784275105618,0.303691505895763
0,0.5467857598172,0.434899519380139,0.336180634334868
0,0.103669596252415,0.0674009480673909,0.252919505462143
0,0.899113981959706,0.854029372740987,0.239493187391528
0,0.707305629475919,0.615063464483495,0.294112866778178
1,0.881994286923746,0.839170245371326,0.327359074557923
1,0.931348778079209,0.905266802659058,0.30569320499988
1,0.512246010635648,0.397512347005917,0.219752568501922
0,0.35144901461609,0.248617145311994,0.103502815216289
0,0.0146869497905517,0.00919419165073608,0.312915569937376
0,0.0814988486429261,0.0570195471300463,0.314008142466144
1,0.75719982720494,0.667740412069515,0.295050180230173
1,0.926987748909323,0.896483039271509,0.430562881871354
0,0.0423081259074561,0.0285329871673449,0.338438042674975
1,0.911632227140185,0.875546983499616,0.303830226708046
1,0.937987498828263,0.914397072857664,0.262743390025132
0,0.713578228382894,0.618291855559388,0.530329651482547
0,0.0391572522606676,0.0261413466119243,0.193140124654952
0,0.0733765691975893,0.0474164906014956,0.231748914048632
0,0.416565791458251,0.320525835007523,0.230297112910765
0,0.51172394699884,0.409397883686698,0.381300675834302
0,0.292367411309297,0.212706450000267,0.307846830357816
0,0.0634693197991229,0.0394487363647228,0.265678600521935
0,0.505040593266274,0.411710989113187,0.185949962704609
0,0.0193512030395243,0.0125395120242295,0.305919463912312
0,0.504299135325049,0.405948805689812,0.275893016196706
1,0.935585717225706,0.905423989206685,0.37045900559128
0,0.0489185520076323,0.0304793802580514,0.210613052114029
1,0.788769672384427,0.715003468500382,0.204669100581472
0,0.127779183579759,0.083625279694814,0.37486289915017
1,0.871188580279485,0.821675272927866,0.291256917288951
0,0.00951925922983158,0.00595489121131139,0.298539612298308
0,0.0227729556081377,0.0149780903247487,0.2384737997497
0,0.462978969274451,0.361843646764407,0.308342324703684
0,0.0284690078594651,0.0186233270997001,0.318235190224168
0,0.878349385639642,0.831133985049509,0.308018120539607
0,0.0898375386907212,0.059439917992566,0.239627832002173
0,0.485700948545533,0.385769572237674,0.276808786504639
0,0.0697469475566261,0.0463740510248645,0.231508954687577
0,0.407259548157137,0.313037713700028,0.228477251200015
0,0.253780184097791,0.180327102754559,0.174199687757492
0,0.828974237708387,0.756153734702188,0.249552898741336
0,0.131351982538386,0.092736028963864,0.484979497082681
1,0.594526337942391,0.503505162438516,0.230324406653355
1,0.676428177764984,0.58279025697167,0.222874644190822
0,0.078498154467296,0.0488936250699837,0.404628223532359
1,0.766123300377758,0.69032075818266,0.3021722294228
0,0.371741854611602,0.267306441346983,0.263014816589272
0,0.504942925592687,0.39617120018583,0.456351866855982
0,0.00975884183067776,0.00619110598847951,0.386394483507138
0,0.560672311706561,0.450040385065439,0.397967371223212
0,0.0302964867872913,0.0201020209432056,0.372785992757604
1,0.864995748611038,0.816126000180213,0.490547460909871
0,0.424157250757774,0.329836288959376,0.287659987380764
0,0.0570130567152782,0.0371099760023705,0.264042771022997
0,0.243130458408503,0.169711777764709,0.329311954671614
0,0.313031472263364,0.233726996418782,0.268158015963474
0,0.064877149193424,0.0464137525153238,0.307117312232847
1,0.806700188422244,0.733787597262266,0.259212828155082
0,0.318083906016658,0.229180315620418,0.429676360077215
0,0.575338686844469,0.491546427678779,0.328340039377247
1,0.863507720892445,0.810604256589749,0.288948605251203
1,0.877442289652579,0.833032133226106,0.481036311514526
0,0.75291983841722,0.663385772274535,0.332168036818733
0,0.051776774981794,0.0345124945236147,0.220520449565338
0,0.329510864634627,0.242968361407167,0.375018778397371
1,0.592813004576832,0.49691102753503,0.293897046621638
1,0.883960384218295,0.836899524814441,0.238218400772642
1,0.911219409152106,0.875724199922384,0.558855671944987
0,0.259042999635933,0.185645115264701,0.41248141310359
0,0.804907586024262,0.735148095519664,0.192425676784464
0,0.303894761098775,0.229206373050285,0.23410591253787
1,0.886480679919424,0.836472038799201,0.227639887839602
1,0.283819584850712,0.195635476531726,0.29210117077821
0,0.00970639543196049,0.0059836830546578,0.172032987503222
1,0.217499663137267,0.152393820938718,0.220450620138632
0,0.225085318516552,0.164469116501425,0.3580733486035
0,0.853119006656467,0.793830425289958,0.364091340509379
1,0.939462024410289,0.914880246188795,0.169069405502981
0,0.275879082446904,0.196944271968445,0.365388150470689
0,0.471135826721989,0.378884932957651,0.23255962310652
0,0.202463200592658,0.132334749227712,0.250567089570709
0,0.164632133437261,0.114813464111467,0.352898644059081
0,0.774211383475816,0.701330427890252,0.314647008107721
1,0.267364298648062,0.19523484970895,0.242078635420432
0,0.245941819580612,0.172184108814022,0.26981373937774
1,0.880743334668184,0.837750848352145,0.209234441682203
0,0.0765999902645939,0.0519811593659029,0.289457492506833
0,0.0104757754293668,0.00667607791533184,0.161982226799159
1,0.666559165289907,0.572966654988243,0.266813564646721
0,0.285161441229523,0.210814278070945,0.263692744005687
1,0.666073765912846,0.560185086485453,0.310265410940956
1,0.600747186337093,0.498056698640445,0.413426867539202
0,0.38769920997111,0.289901331818745,0.468469765646149
0,0.0171617474190775,0.0107672446373101,0.350748687621946
0,0.0242397027453488,0.0154603899603854,0.253777710459063
1,0.559719026214741,0.463930620872288,0.421539905379815
1,0.814034189036262,0.748038056002945,0.26481258728406
0,0.503789306614603,0.400620340079036,0.135829871065496
1,0.596443833841963,0.494636178988856,0.28057436321587
0,0.155186200362031,0.112557109830135,0.33519533142493
0,0.122929832662373,0.0825577206711257,0.469358237488766
0,0.352436083341035,0.255094357468406,0.394192568705942
0,0.922456734046702,0.888013285951233,0.22678700575619
0,0.0544184196196434,0.0355183524613809,0.280388004660393
1,0.531135048471284,0.42801542475333,0.315666736966266
0,0.687377818485207,0.590626884744142,0.381746045670674
1,0.712510355882243,0.627124915146481,0.302678535400125
0,0.583408533214758,0.474268718961971,0.282343416044626
1,0.843142647978857,0.787057795749218,0.112006787724582
0,0.874158863383367,0.824013276216974,0.430868236563607
0,0.0488684813269973,0.0315384946334609,0.174469424512256
0,0.27610084053854,0.203240553526506,0.30466744122444
0,0.0151749800492246,0.00993901036595391,0.213656495572142
0,0.101371249213414,0.068244564804304,0.327803431186577
0,0.274210335660041,0.202283955770255,0.279743681342611
0,0.859941092528753,0.805808587263504,0.305119907492621
0,0.444611392691814,0.332197066058993,0.216524299663018
0,0.243039403946295,0.181473861419277,0.33041060668015
0,0.318838547863086,0.228653899807361,0.328661216922228
1,0.909785152180793,0.87125458282663,0.404112139758206
0,0.19089791065717,0.135568834556246,0.282637451669421
1,0.733545731393252,0.641874366514206,0.202030245793281
1,0.572932431548445,0.476246788906797,0.317788592008594
0,0.0259573254047841,0.0163706984619712,0.354098373401419
0,0.761541310359436,0.673803912186137,0.312857385328134
0,0.646075298042378,0.540994370687684,0.27717550481537
0,0.229080325763773,0.16502198699599,0.227371379513404
0,0.0117762944839049,0.0074692661371029,0.349803148920361
0,0.713852863934544,0.621217963322389,0.228930300992971
0,0.884403463641735,0.839208038491585,0.331695534969605
0,0.67929636046201,0.571539963265059,0.33922308486914
0,0.70311196232228,0.613218995357704,0.293230266618853
0,0.0470876548869815,0.031234270264505,0.258137722927636
1,0.901803311446673,0.866536945551569,0.204825419135546
0,0.341479805133145,0.25586165363363,0.409453477957856
0,0.302293320421119,0.223099845769307,0.243375145102792
1,0.659929501095856,0.56028207829056,0.303607945417336
1,0.892884266993968,0.846733805647377,0.260603230724445
0,0.504150843881583,0.403124076949935,0.292012604303839
0,0.848434964138307,0.793439451058397,0.432859554170977
0,0.818727280552073,0.753482798512461,0.342717981275326
0,0.408105280402038,0.309054933035356,0.260215177121345
0,0.0963117143031336,0.0614634487461168,0.241898132459598
0,0.206571286321967,0.138725611948581,0.406037496529304
0,0.454337689893589,0.340852766293022,0.215182011687593
0,0.147795941424054,0.106808855987238,0.47431996732138
1,0.835605927454923,0.772514958003131,0.258276427111281
0,0.380182275809162,0.285169807092403,0.238779061627478
1,0.898335238286424,0.855710813902955,0.331890280616203
0,0.007746778960332,0.0047976970813848,0.334806442268085
0,0.321829589384275,0.228429559564401,0.32851513051941
1,0.767353399800109,0.68200097050797,0.321946164722436
1,0.860976273585944,0.814861264024705,0.433889040716696
0,0.760344730229255,0.688061981881669,0.225521663143264
1,0.884217105559316,0.838880147171552,0.242130742609753
0,0.240308695241279,0.171124281058288,0.56339547470092
0,0.0500352043747116,0.0324236255180893,0.231421601050131
0,0.331469380588952,0.24522530758634,0.449266158068516
0,0.372682211817197,0.270701563433963,0.407934017519887
0,0.713427435757085,0.631603890441759,0.25543925389963
0,0.778446458645884,0.694107420068183,0.296863520042363
0,0.539259174425472,0.441305196797256,0.466223036070726
0,0.0110066895469216,0.00718772183456991,0.26303396074661
1,0.206748251785585,0.136213004375221,0.267945145468658
0,0.504691800011521,0.403599853267797,0.193368878608975
0,0.649682148754365,0.551387852191706,0.444594633048235
1,0.848871865251663,0.797051403085337,0.361461356653577
1,0.870857867403503,0.815268331548731,0.371095107997056
0,0.859701277613619,0.804252796229284,0.350694188032269
0,0.0527667664113458,0.0351389494121782,0.316224776928882
0,0.0913587079114372,0.0604121262014987,0.392458322543814
1,0.649850187679026,0.549893949788407,0.359190985444219
0,0.802598730772393,0.726167327075986,0.52479886161734
0,0.174755754028756,0.118092702126801,0.36122230894107
0,0.708965262414348,0.607733024369339,0.199497774734449
0,0.0549915954955801,0.0360787105381387,0.322579450388015
1,0.233108192618129,0.167164964758167,0.357704976300988
0,0.713514671029906,0.630622251046382,0.352048571065659
1,0.816646799601644,0.749475105832517,0.316087237544919
0,0.0727980002546491,0.0494883773317777,0.252274034140957
1,0.550380717306868,0.455596467969972,0.328016201128011
0,0.235180635025954,0.167086181144224,0.380351443850282
0,0.642452325332615,0.541159671973587,0.306147250868697
0,0.356852677217357,0.262271441311681,0.415919823046759
1,0.874094532693117,0.820697908095593,0.323745401911788
0,0.85096721544359,0.788085949065909,0.293501179938198
0,0.0328548470574439,0.021442474177854,0.321099701309031
1,0.813773108019527,0.751668032828148,0.258806394056537
0,0.638578062779128,0.53895286708491,0.346660773459554
1,0.881704456677305,0.831447177019884,0.202834444651926
1,0.682103329261088,0.583707865530481,0.247710057499657
0,0.844346270681521,0.789230446937792,0.364666375597416
0,0.942965893422021,0.920268115940241,0.37739896127923
0,0.372273994479743,0.273504902658598,0.266246125277063
0,0.0187462423176257,0.0121291356535509,0.526277341278341
0,0.0256650719166849,0.0169200521808206,0.254575566915441
0,0.356818691888033,0.264868823408701,0.46178904039936
0,0.245217806019211,0.178268827645573,0.356333202971667
1,0.854962638230495,0.80350913497081,0.445858913495241
0,0.211857830214827,0.148118347528889,0.319915142984475
0,0.925599925711536,0.8953961491583,0.209430251599469
1,0.94108581506755,0.916102118200193,0.251601971974704
1,0.821505575871185,0.750537937642437,0.327317973564873
0,0.0816501965885294,0.0552306529677041,0.28408387423851
0,0.659377751299175,0.566360120010647,0.596342330128258
0,0.614986295050266,0.509649619302249,0.350712906241728
0,0.440340242842112,0.34560291875332,0.275145357873902
1,0.534568912625909,0.43167633638546,0.195462713230245
0,0.556975752675373,0.451622494134582,0.194951594806966
0,0.0126536047264956,0.00797598614428828,0.32085132455054
0,0.648393144398773,0.553928286455419,0.378009626614711
0,0.0371763291127938,0.0241136517014243,0.273426932962356
0,0.299806393376308,0.212515454742951,0.225098622430519
1,0.241707071425744,0.168088994692077,0.156889529629157
1,0.873157306276158,0.819190488379941,0.283149176927959
0,0.507970698015402,0.401723080172796,0.170637893453606
1,0.891353165498794,0.846942816175152,0.334280676536387
1,0.512842299959979,0.415437112445453,0.352410056837135
0,0.78831828782222,0.711453245874994,0.354713111943689
0,0.103898925086258,0.0733089811203134,0.34749354017212
0,0.693038572394363,0.597833871114066,0.229327857656844
1,0.35871722825403,0.26998057304541,0.295351487916112
0,0.110429101048877,0.0754116172008275,0.331949208433375
0,0.140303544776242,0.0952017615069396,0.327397875701506
1,0.81269512683011,0.744134502434906,0.311553592992667
1,0.784112901374566,0.703866834761773,0.303206667446817
0,0.317796154223311,0.235729741913265,0.313157191186482
0,0.390750428126767,0.294360654004429,0.254933694984803
0,0.848252819735868,0.791823510933494,0.275203750969736
0,0.0310010061479069,0.0200946649760505,0.539508906208219
1,0.908192040451656,0.86898587095387,0.25230684680031
0,0.745027933219801,0.65180039166301,0.190626818128549
0,0.209729642918448,0.146786897219274,0.245325521607155
0,0.649657257377245,0.549488130850352,0.355870486623748
1,0.642056720874015,0.548202029414598,0.277413843003624
0,0.146740354755686,0.103677208201415,0.212163934616752
0,0.145631068305651,0.101355016017593,0.351159897976261
0,0.647675656885156,0.544057099770312,0.381827934057162
1,0.893218058827469,0.845321049877481,0.26051635179848
0,0.118463132963708,0.0809008665078003,0.322274144056544
0,0.0544009532219204,0.0363545979812668,0.236879991870367
0,0.0758572745102896,0.0510247179534112,0.371261183620948
0,0.643305990195912,0.541108725970489,0.209046645281527
0,0.59998375902123,0.502371755058062,0.183605414875618
0,0.58279975874589,0.491095009463859,0.49400655105275
1,0.848645344740318,0.786905870749185,0.277637168412977
0,0.0213024248825789,0.0136741014027829,0.193208205544969
0,0.0897330516514883,0.0593801525279187,0.260780663836384
1,0.892408919344288,0.84505407626341,0.456126446227571
0,0.643411389606589,0.537631437359851,0.337015664471819
0,0.807121021376965,0.730676450758895,0.435628462966282
0,0.200402733236653,0.133888741791191,0.398056812487649
0,0.290746711176334,0.210213387461179,0.448280837346285
0,0.019738134919285,0.0126844435079477,0.503204298358568
1,0.944282274329326,0.921965112734586,0.384427789898255
1,0.891490281431094,0.849931609476472,0.389061709667497
0,0.410728313322706,0.308316628055333,0.343438148788866
0,0.659216793610944,0.562734019988745,0.332995718198193
1,0.907075241614925,0.866540694782095,0.320568815008041
0,0.856945495546424,0.797963875003446,0.407914175508519
0,0.89419880967166,0.850701904008078,0.281819893674057
0,0.860294523189924,0.805150815649099,0.394081930533144
1,0.907875904197604,0.866967716569528,0.298615933923812
0,0.701476491474797,0.607865889749168,0.259844684342031
0,0.533015390432027,0.414801769278211,0.263143141619064
0,0.479416067688323,0.381456273335158,0.415011113259291
0,0.736151341663707,0.650245771301506,0.243262878137436
1,0.908682870535699,0.873487261716455,0.458854977582436
0,0.766357255122028,0.680401356671277,0.322816568350455
0,0.857452175994664,0.803122098345717,0.368014271868114
0,0.158826701650115,0.115388763474951,0.482477763823873
1,0.685464268271346,0.588331159677767,0.339160104803614
0,0.30965524960109,0.223483666957091,0.225621567440605
0,0.888343040121644,0.847425394353445,0.192711649121551
0,0.0229304617241134,0.0152267652414898,0.377980494517759
0,0.635378802029051,0.534306520607933,0.435360632463985
0,0.056864034569943,0.0379482674724102,0.357946867055163
0,0.0472630750612679,0.029887020586149,0.228404766432362
0,0.825176547219563,0.75507023542568,0.262766059505617
0,0.824069434560184,0.751295449673942,0.394660074996044
0,0.207026789528842,0.150868140252261,0.323878120434144
1,0.825454928819683,0.765301885560316,0.3559517444563
0,0.237207278446979,0.169250503262606,0.257549178962837
0,0.246335448653501,0.184156710778214,0.259894813703925
0,0.568419724830125,0.461185559443961,0.26281357778851
0,0.400009468891483,0.306468599757998,0.425206913742601
0,0.0574350436190279,0.0366255338069171,0.414181278186803
1,0.582007725587226,0.47721749184047,0.428737290254376
0,0.589819547346237,0.499056499909851,0.249540245562669
0,0.0434659808942863,0.0275744878701486,0.41732452165592
0,0.0136875336919571,0.00884705571245416,0.295641313056226
0,0.0877174736311686,0.0577706279300933,0.264006157473778
0,0.0636338604236222,0.0420795982457881,0.402332168014423
0,0.713274752324742,0.623438465188594,0.240403924312151
0,0.0282702120071535,0.0189489121036741,0.413279717516881
1,0.311364483554096,0.231584422385233,0.331009426600884
0,0.033038701002155,0.0206721666486728,0.327546854905764
1,0.80291732831753,0.7303548363591,0.287871587786161
0,0.0626117311910448,0.0430364220707616,0.284997342447608
0,0.438204514875689,0.340142623498164,0.279728296250885
1,0.874460407798033,0.824722622570774,0.300607179952796
0,0.393553496426678,0.301486421462949,0.277031415893249
1,0.851634716947439,0.788528825556663,0.223735854964834
0,0.186577508539817,0.132548945825936,0.404881037668582
0,0.715693117445653,0.627871367822953,0.229451051827394
1,0.875317982962565,0.826482839642036,0.286064943552814
0,0.0421837281269443,0.0272349089073242,0.248524712278051
0,0.756748021713534,0.684060054598989,0.305736241393547
0,0.31513065732563,0.23045190813824,0.218425896479361
1,0.791690202507305,0.715525457412586,0.378351589762782
0,0.0444824068867731,0.0287655412391339,0.270930553951008
1,0.888187632609393,0.848825638891701,0.451097250305136
1,0.788986496504388,0.719117489221908,0.338738004207071
1,0.871900229701167,0.82278678775439,0.21485222258719
0,0.252471983707953,0.174608908516728,0.19112709985658
0,0.0217571964510742,0.0136298569503972,0.30574081045581
1,0.940325894726264,0.916180765103557,0.35038492838831
1,0.486450667467881,0.389428060500017,0.209714460944016
1,0.673017636230955,0.584155842300194,0.346318561642372
0,0.522358434191028,0.419126009048527,0.403473930034909
0,0.244122118058552,0.172935648848001,0.26256183918544
0,0.244757416635785,0.174451515403691,0.33018590669536
0,0.216741173546145,0.146698844201977,0.293172353139154
1,0.897893529252691,0.852479978634031,0.166216441398094
0,0.337566931837016,0.245578288717671,0.393525687741157
1,0.870877611534574,0.821600446376514,0.346864176355993
0,0.012674100760078,0.00780490171868647,0.365313559223718
0,0.946791437567772,0.923496283312261,0.119723134461948
1,0.747304830234641,0.658507384818825,0.328088135860254
0,0.136617711202438,0.0947328618636528,0.336794679346823
0,0.554015285671221,0.455155802106261,0.317040481865363
0,0.172867678319046,0.114239924802844,0.238555677669047
0,0.910332960010242,0.876142880915777,0.341241709880317
0,0.0370476671775419,0.0234023178907323,0.285946151826917
0,0.802677125125047,0.725125126326953,0.228203105401956
0,0.0142666144518988,0.00889746161367416,0.364314444612107
1,0.692913414261772,0.602897367637532,0.414610719458927
0,0.016201656087825,0.0103896923060609,0.418901147936945
0,0.71733040814636,0.628249285042892,0.33562050334193
0,0.0998158909606989,0.0653695878516494,0.352657215781973
1,0.474788065293901,0.376186783026175,0.268443519175055
0,0.0506755060001892,0.0311464611107493,0.482071480193611
1,0.41001745485282,0.312135189801413,0.403483452126206
1,0.927722410853278,0.898846218365714,0.366764530902071
0,0.566103553521328,0.461068062773783,0.25676189937604
0,0.0996811817141847,0.0669278226415772,0.186489607240675
0,0.199996284821192,0.147279083479656,0.463021029371979
0,0.108086996415135,0.0744307393315684,0.338994485355074
0,0.722262024481977,0.636945885020901,0.33795979371958
1,0.846315471825454,0.780708156548514,0.330629922441774
1,0.620087063643527,0.518527738744086,0.471759974276376
0,0.486844277445846,0.384579179987201,0.185128636413835
0,0.543525690874539,0.444077556644569,0.265805269406915
0,0.775425071947764,0.708137956120894,0.231582238678242
0,0.383756668919661,0.287030230088625,0.352151727819292
1,0.0487417719220613,0.0320025989030463,0.387576318092752
1,0.886076368820521,0.840102610184968,0.209559906359182
1,0.52847587860835,0.431582935125996,0.358904848179787
1,0.907715140658625,0.871905181844339,0.381307982140483
1,0.704505731333875,0.621081300301503,0.430677345336311
1,0.921331653241347,0.890394850393947,0.174780604259166
1,0.253472302422876,0.184829467071472,0.284497850074154
1,0.857736630323499,0.804137081335773,0.334272538863191
0,0.354031555865735,0.257836038876654,0.325958226843702
0,0.497248514034015,0.39881740816765,0.295995958101423
0,0.40396501633595,0.298634136977497,0.499186279101192
1,0.30082633747427,0.220902942465899,0.264033881269059
0,0.0291291132908194,0.0195503927008985,0.369467834573758
1,0.830498626444989,0.763850908499174,0.278870804994025
0,0.87438444464504,0.827632810587752,0.404161504849995
0,0.359611073890273,0.265777167828538,0.190944524026627
0,0.442543465001411,0.350323707345625,0.300443446208653
1,0.868699464254054,0.815912367505652,0.287702452886793
0,0.133915410231304,0.0921866201484205,0.29660230135406
0,0.24457622462357,0.168559118750844,0.347653620128498
0,0.592192321538131,0.481992200266662,0.305815741518633
0,0.386228433128408,0.29392964620351,0.278367160443619
0,0.568317070104831,0.475799502424967,0.352646897520177
1,0.720748397123789,0.625736565045379,0.478364914716107
0,0.495968775468643,0.394747484297579,0.427222756039618
1,0.485891387988697,0.399813060360174,0.161874587306854
1,0.836525192885275,0.767909391202937,0.198649466438539
0,0.217253569968577,0.159477206279437,0.288235743937658
1,0.303959806957111,0.212346379144782,0.387037027641706
0,0.463871218393837,0.364793940600414,0.396630521097353
1,0.904764148502769,0.864468713987698,0.378487487429577
0,0.305660223724778,0.228195047150794,0.209486904856862
0,0.0328675653632159,0.0202439075270584,0.423992239357726
0,0.0187882565676867,0.0119838272128501,0.334010298738968
1,0.656718529369691,0.565394616772152,0.321796878822622
0,0.764662066764199,0.687163765850048,0.320751752275089
1,0.633590535866074,0.537495888543405,0.252685708939248
0,0.155069669266728,0.106998834514746,0.234428187523666
1,0.900713401082294,0.864144037373168,0.425573417902802
1,0.522325042583679,0.411207826663208,0.266611499695888
1,0.673027854616346,0.584851426690988,0.464073710480226
0,0.398995123205061,0.286950721851901,0.475482710797633
0,0.872983807466453,0.818858237798387,0.509499090389322
1,0.474671132999602,0.383648079883656,0.392791741320003
1,0.899212002919028,0.858511837359348,0.283103120386205
1,0.904322316231832,0.865859123938711,0.395288120510614
0,0.0618487387961021,0.0392582473889386,0.410289956956671
0,0.346916132650958,0.249534569228472,0.264420806572035
0,0.181356026117159,0.129959503659109,0.388700228430504
0,0.708377588227671,0.611991900900856,0.441452455699395
0,0.873420412766252,0.823382945338317,0.286785796438354
0,0.292423978541357,0.20580065219224,0.48019175891683
1,0.936027698470672,0.911671814564992,0.277548257532408
1,0.903098929175974,0.859741109934945,0.215992208872051
0,0.0118812655461443,0.00765724652383864,0.476318930327704
0,0.779481247181369,0.700584502412941,0.226057543588861
1,0.644113481928097,0.530897244848531,0.33624291485706
0,0.902740794183544,0.867520763144225,0.250582857444854
0,0.295424918977983,0.220337591701182,0.510261217325429
0,0.0102231395699561,0.00643684062921365,0.256184563051122
0,0.0978936092464011,0.0665709335357321,0.36360840633608
0,0.130757420071326,0.0926269441019715,0.405189227082468
0,0.26479790571747,0.179142438424297,0.480993322268667
0,0.670160712334998,0.572655899876851,0.378619860148107
0,0.326258132323843,0.245915884889696,0.183584290136095
0,0.57692693126659,0.479768126131712,0.263544560306659
0,0.180611094964891,0.128724141330496,0.315280300758633
0,0.229520659931113,0.165913815495238,0.344797204084336
0,0.319283019973899,0.2344948003208,0.392163035875583
0,0.0623163601794989,0.0387586925334356,0.460479830335654
1,0.741737560214683,0.650877004457185,0.257900206397561
0,0.573923561551848,0.480248973677641,0.309131479679932
0,0.255101636329558,0.172377730923492,0.390078619522934
0,0.691346920644029,0.593144705850981,0.227345511144129
1,0.828363876576213,0.764150543202996,0.513670762186548
1,0.801156950243874,0.726255893181124,0.323264741313403
0,0.755626379469798,0.672410407053865,0.230007973673663
0,0.599714765449978,0.508447378287703,0.189231033451388
0,0.891772776407806,0.848235504098016,0.255950928058508
1,0.655254438254189,0.566996636729422,0.315874153340041
0,0.375517221438124,0.272970915089499,0.244617255448493
1,0.649851982126683,0.545520206444329,0.344569074580723
1,0.76897294375412,0.683928935746397,0.300966172009268
0,0.036219891354968,0.0241034319788088,0.272377097935803
0,0.0910376449032953,0.0621283170381835,0.411493129293402
0,0.0438925783304988,0.028770643517588,0.190501410279891
0,0.33808777113863,0.255790457915466,0.327277351614414
0,0.0365511190449718,0.0237429411066993,0.383485373221832
0,0.174259684130693,0.125234193367904,0.390992706273751
1,0.862329364963608,0.799933464108199,0.429815913928517
0,0.145237792911936,0.102698348266961,0.309817555917984
0,0.475715478460989,0.373773642397885,0.323166555402854
1,0.87540934856201,0.825536351255534,0.124149914145352
0,0.0952098962028184,0.0643925346998316,0.350091183296014
0,0.0422473152729936,0.028790385724535,0.398308875030932
0,0.321282711922753,0.237196636809927,0.307960844465208
0,0.165580124390827,0.111343870777334,0.199930269947838
0,0.0289418501792608,0.0187597509077533,0.332634748915648
0,0.416057844753192,0.332156434791573,0.411164430069974
0,0.0532811909977864,0.0354611090193751,0.241992665642221
0,0.514306170981302,0.415797450078732,0.305937995793405
0,0.668827050610349,0.571017140618195,0.460578692312853
0,0.0465175806286637,0.0304196385953307,0.235548939262246
1,0.748969636992972,0.66484600725005,0.296816754062101
1,0.947830788730814,0.925724687508064,0.371216414376092
0,0.633308771100093,0.531768842539504,0.406104847450888
0,0.0666766275129308,0.0437931983178592,0.27175328261513
0,0.0169671887283025,0.0111220286515606,0.396892180379435
1,0.914096690031904,0.876537054196028,0.182204312179634
0,0.0230986728499676,0.014284567343078,0.317154812346761
0,0.729681440243467,0.646004410813242,0.411796908494301
0,0.500802713199958,0.398979706292482,0.323745370441185
0,0.0541563363141106,0.0342649657422503,0.268728840148436
0,0.542503641768839,0.442138436652168,0.376503471797372
0,0.681849169531689,0.581080056004219,0.322139304970813
1,0.765823624901067,0.683359528949942,0.279135405832143
1,0.591915557069251,0.501033621929342,0.329711811639444
0,0.876780954886052,0.827336923673024,0.323892706430324
1,0.694919386414968,0.598659383153232,0.341310403739602
0,0.822625105417669,0.757521963995957,0.358459025875338
0,0.039015699075016,0.0261555006502469,0.309231666886828
1,0.911464159414194,0.879546376881389,0.263611864977405
0,0.777853647471589,0.701335637924068,0.304621332958677
0,0.436205811402959,0.343543518716603,0.419327688170576
1,0.850474198832197,0.793646359519728,0.384110399535859
0,0.858081888572715,0.808132577678118,0.328599058822055
1,0.926518325471827,0.897392490789454,0.218683130982989
1,0.66977834330521,0.570552568287285,0.396766404863501
0,0.749431776338144,0.661280871886979,0.33595854849664
1,0.909871831134595,0.871293240329144,0.322138961419234
0,0.39186880984191,0.296665380350257,0.20511913432385
1,0.28035215494069,0.206318040777335,0.222422251655337
0,0.103738346207756,0.0678948693786045,0.301175615469192
0,0.617401991750051,0.523218532462637,0.228084122607803
0,0.1810706238277,0.120473041938251,0.29567954763005
0,NA,NA,0.382326230062074
0,0.52660499186261,0.413516534103994,0.231320128139561
0,0.470382665889233,0.375643249718784,0.297292728032694
0,0.549260271251008,0.452073221390943,0.304173863998011
0,0.133940655850717,0.0913173470121595,0.327376719667532
0,0.661480009895693,0.557549763352351,0.331313146741419
0,0.12271118672173,0.0865164543021458,0.447533261324949
0,0.758342169816249,0.675308758762467,0.42840021733028
0,0.752982005113241,0.664321365095066,0.323889966258746
0,0.438474941736922,0.329591584826943,0.331744267003508
0,0.0152886283234893,0.00997122863123035,0.201306007724362
0,0.23463327441733,0.168356194652542,0.155735427157602
0,0.133637041986228,0.0915906085235959,0.272319283535198
0,0.0763571310348541,0.0506203094114258,0.258616853611544
1,0.788833881260232,0.718323981290283,0.311077181892412
1,0.899973471326148,0.855578830549781,0.321538296792985
0,0.0587752134277426,0.0362820485299121,0.274419213538996
0,0.0851116820619263,0.0600465125995618,0.389147694517514
0,0.239452309227162,0.179485269710812,0.339187925401564
0,0.686080435104407,0.593477900317333,0.237868804222747
0,0.613742419163,0.508313594450175,0.318681509368997
0,0.237653667131763,0.171660253094968,0.364730405941449
0,0.540146021052293,0.438659563230937,0.397123841873369
0,0.492193001256222,0.393259854786325,0.324667897336789
0,0.301135126650322,0.220059308462347,0.316700356983653
1,0.870732383084461,0.82060178042072,0.31676280201993
0,0.596283041145843,0.491772056692786,0.338760229493546
0,0.30035838473648,0.2042843459522,0.288610494946296
0,0.577813735692047,0.475331099444395,0.342904029218628
0,0.210088531428657,0.141926102366132,0.303194332490615
0,0.729848769760786,0.642427009604466,0.23728969720217
1,0.87256081973104,0.828029024688143,0.397580896262117
0,0.0270912338353539,0.0174207262600719,0.377070073698924
0,0.213346940504755,0.143974269902875,0.360952078833511
0,0.0207743734144893,0.0133596828408487,0.293979430721741
0,0.724515295517898,0.636890969147369,0.267046690335401
0,0.408124530844172,0.312998581513775,0.333260874206261
1,0.854347006306314,0.804558972303685,0.202149159423688
0,0.821605547896653,0.759832001723695,0.403908205388121
0,0.205207738038473,0.147755438707588,0.313307515915134
0,0.230768914499243,0.158412597841025,0.228417204518542
1,0.85250661981338,0.796592782225023,0.239161195938069
0,0.758120853237919,0.68654406231446,0.426388643012088
0,0.12289061152294,0.0879683332762107,0.341256200328149
0,0.011981247241195,0.00756438729950586,0.40656869712565
0,0.523529897804334,0.409128971059225,0.403605467124666
0,0.17543860850552,0.122938882806537,0.209278504050927
0,0.135374191592434,0.0921689552076134,0.408173140623311
0,0.749183855922191,0.667854751301151,0.332579580013589
1,0.93215286701876,0.905939663188178,0.141427202933747
1,0.926614109629461,0.89925193504411,0.315194022173581
0,0.540953425929572,0.444649012928281,0.273701802809015
1,0.227513179342425,0.158568363240603,0.404273847855115
0,0.115302839405845,0.0767530854026011,0.331192285440666
0,0.433611507159682,0.333043998050349,0.265526063113705
1,0.411032538959646,0.297541977820309,0.367092577813762
1,0.794397613272608,0.7253196304551,0.436360645113866
0,0.374239686794271,0.27326471686637,0.334585448398605
0,0.0766036466814609,0.0487496308370547,0.298926323720563
0,0.0715660678606958,0.0473215208446095,0.263227536487934
1,0.582122408095667,0.477859016365174,0.428377938750818
1,0.780871933919383,0.700200057312414,0.30422258663551
0,0.0263858933516035,0.0173333690923504,0.202227302114049
1,0.83168805205804,0.767785211251553,0.335066825842829
0,0.0299134604459115,0.0187709643454804,0.383952055191519
1,0.721677180368202,0.635071121848924,0.347165941201633
1,0.856154827222442,0.807539625744579,0.308196532933689
0,0.58601817623901,0.483914824788821,0.456101638653299
0,0.941501511040746,0.919641376754929,0.155964150889755
0,0.847353447682993,0.784118927364424,0.243240164038713
0,0.182360413786377,0.131295685872091,0.304846510711847
1,0.870447537668433,0.817720886827669,0.22908927135952
1,0.844089088117904,0.778533287546166,0.320030933838426
1,0.884557355167824,0.83976286674951,0.287575762655339
0,0.0541017481824319,0.035508514458942,0.341983532570641
1,0.733775113903807,0.652719808867306,0.181715614196638
1,0.940770486587013,0.913834635991581,0.424679733575826
1,0.635281653066854,0.524606395622995,0.226656950820137
0,0.884117432223614,0.837129751670843,0.312878935941566
0,0.883035140689435,0.832612847161805,0.247110818304912
0,0.190456135176051,0.136449632482201,0.363044321646407
0,0.631552185937537,0.519591825309092,0.270202934148071
0,0.495679991402566,0.391552622208404,0.278856721679904
0,0.236738896669389,0.150904231525078,0.283424982718488
0,0.484230887754575,0.379839052461916,0.261568229261223
0,0.0792991740544966,0.0538577455264517,0.284884083864688
0,0.0786893646149905,0.0521226861376591,0.438681730084763
0,0.504937465079416,0.392265445696915,0.355039608507727
1,0.921996650231878,0.888051276066446,0.301536008686958
1,0.728886153799407,0.641862328000369,0.366651963432071
1,0.711587910727105,0.615772705846773,0.284310589936265
0,0.632001861447276,0.538878361161139,0.389366963828049
0,0.944867894144779,0.921073234209233,0.299946336931309
0,0.907386176093229,0.872476257626949,0.262011370008843
0,0.376654984662323,0.285863166356334,0.348124641520621
0,0.0197372949703877,0.01236751328114,0.354816852813303
1,0.483203701598892,0.387093907111737,0.412550391141014
0,0.256456914770171,0.184226428221739,0.337050121005743
0,0.456544060192907,0.351993362825263,0.33096219907728
0,0.180972539989232,0.132187931598219,0.277657330967006
0,0.278041676340951,0.189458259427646,0.311768625589054
1,0.208400381819737,0.148274314539133,0.320033909794226
0,0.176974539828199,0.120613293433087,0.451561360389766
1,0.768630573642272,0.680486363943045,0.269444281739224
0,0.707415404141298,0.611309908530522,0.323194334958591
1,0.894602899036269,0.852232291152173,0.408577203350951
0,0.374022308734806,0.276948413123104,0.390897737478243
0,0.022220064408406,0.0141821628929009,0.35688992015207
1,0.9390802358168,0.915309071346534,0.381036620170374
0,0.760630437239252,0.672152257256759,0.176273796279292
0,0.0396451596724034,0.0254452331323122,0.310617301115133
0,0.848802118036586,0.794323884148601,0.247150439021978
1,0.826848655527028,0.766865115736263,0.450759403186889
0,0.0564708674543351,0.0373944323784676,0.276891934414512
1,0.939086456200394,0.912712370907916,0.265044184881131
0,0.234047065528783,0.173338525777758,0.298583623451719
0,0.138537651866282,0.0959459412884199,0.272643526525247
1,0.914205996924864,0.882344547320522,0.436749046258497
1,0.764374583273915,0.691158647278952,0.206367046942242
0,0.0128270818054948,0.00788647258716901,0.337731168022203
0,0.175513709136566,0.111546567851737,0.289716617384563
0,0.111646886859091,0.0753482130307261,0.180669833774809
0,0.00772762380051336,0.00483524887564495,0.275887517457779
0,0.506303967627713,0.418387410974489,0.379909278952352
0,0.796488489450007,0.720457677269868,0.272761059905904
0,0.257971992234873,0.18802083845082,0.27816419927724
0,0.077195746825418,0.0508683273376267,0.332330060695928
0,0.389726674572984,0.301779728365307,0.272587771529033
0,0.562377235474343,0.451233991804206,0.34486840628717
1,0.829336720969839,0.76855164659523,0.274363320813186
0,0.665371141947274,0.566421741530855,0.358155044759533
1,0.785332551586278,0.706376372916933,0.29870635009037
1,0.712863180087945,0.619216832715093,0.232029188355665
0,0.65452192572126,0.554470375908347,0.408667698558854
1,0.916683636030194,0.881035722052271,0.314412659711403
0,0.372882949614928,0.270025289239029,0.334363263372178
0,0.0556015305219554,0.0344311417239258,0.27248209557409
0,0.190748622865265,0.131657671322622,0.380839467606936
0,0.494319324769422,0.385183765384226,0.325816826340458
0,0.634573287101313,0.53334846077385,0.325144398505341
0,0.848324238313691,0.792253072804765,0.380340914964031
1,0.822085551477099,0.757713127335069,0.446251189482636
0,0.200949011998937,0.141416773328151,0.407638230686627
1,0.935029663454655,0.90748274720841,0.249828239952975
0,0.82701792801641,0.764716570168887,0.318701494241717
1,0.876100002630546,0.826114108092512,0.341042360934799
1,0.93779639127973,0.915861142686561,0.237168612007608
0,0.867847364607573,0.812051202320771,0.207442473603392
0,0.0136524550464817,0.00889637940585634,0.335128504729048
0,0.294575466704396,0.211364141567278,0.463964528769497
0,0.179570869782899,0.119533790759963,0.42707171048214
0,0.89390595667639,0.849294463846548,0.400929180464574
0,0.804213683173804,0.735765462092068,0.228060100212874
0,0.611662583271013,0.504823090585329,0.464626484512638
0,0.373116235271981,0.290224914119473,0.287326272625563
0,0.436165698531096,0.342028836826126,0.230541555980259
1,0.705037196244789,0.618816849621737,0.432842530342457
1,0.345311707046399,0.256681522638712,0.281648906487942
0,0.0870166937180082,0.0597920331056715,0.32829502494493
0,0.0310403278344439,0.0190023519482714,0.251413070228426
1,0.686378647862948,0.588060400592274,0.351634582578056
1,0.696376232937756,0.604704988365259,0.30916238087841
0,0.102061125115657,0.0672127895453992,0.241722459271495
1,0.929146948996879,0.902645589803637,0.327911625410027
0,0.662421410572274,0.56429161370507,0.323107917862547
0,0.138825578006905,0.0997539836757044,0.356635675167929
0,0.203458445643566,0.148236683800791,0.254975771825413
0,0.112880743390465,0.0780057605609279,0.317485418777355
1,0.674174909802017,0.582617026200508,0.133018654744943
0,0.171437480122006,0.120399570128166,0.334700252853198
0,0.0345347247473305,0.0221276364174498,0.253447495744881
0,0.0282714188053369,0.0181715863682858,0.301854714553782
1,0.725438842183594,0.631469089143158,0.267744377276396
0,0.316553732401695,0.232814567032765,0.281362834902516
1,0.21942398943961,0.149906198933469,0.287222496805722
0,0.819156695988026,0.757470326143965,0.342275669165422
1,0.917421187087765,0.883140521036186,0.412531025443585
0,0.91957000940823,0.889498673318689,0.262107467379631
0,0.121247206901086,0.0830864199060098,0.266754509824119
1,0.703901845721346,0.607661592069159,0.262780821071621
1,0.917951116272989,0.886489276120663,0.313697253801186
0,0.0251668571784757,0.0166646266900828,0.305871622971841
1,0.809623399145444,0.743128961523903,0.183881064314578
1,0.819456358631225,0.752883102968657,0.396010196681803
1,0.934432186641966,0.906112672219139,0.263086876470754
0,0.900709595526495,0.864315177470114,0.241269622025415
0,0.0447536659302532,0.0298931407136932,0.298503498480638
0,0.329673524732215,0.245487717030871,0.281385012935737
0,0.882305075135873,0.833794334742604,0.361834035238003
0,0.0746216956336166,0.0475064410233296,0.415920464786604
0,0.228394170398028,0.155513823417924,0.410809828461283
0,0.169325244990883,0.116664370620917,0.480487323644134
1,0.710074434787532,0.618059602666668,0.182486898458311
0,0.447446131134823,0.349141499908006,0.471438355597514
0,0.613711272921083,0.522967346000727,0.396311818789103
0,0.456242971694574,0.350636264366952,0.284555176578059
0,0.591682886806791,0.473685848562964,0.378252200664288
0,0.79320473259618,0.714455886811221,0.414630237381662
1,0.871925447984546,0.820349006382232,0.354533599419506
0,0.409311885178643,0.310397185370979,0.307972120376276
0,0.110291243754116,0.0728001003504584,0.278523937353009
1,0.51292402252087,0.408844736330546,0.378823832609468
0,0.1581024955681,0.1037884224258,0.317828103707905
0,0.326328351513223,0.245658606874714,0.372639867124538
0,0.681268737831183,0.583722390796363,0.350261247697014
0,0.48842216417101,0.387519359707577,0.324487121499698
1,0.873639990508828,0.821688877187108,0.413659932773009
0,0.0640628478532432,0.0437709008127955,0.331980719464082
0,0.172457360763912,0.114984843174358,0.422362974176884
0,0.725301097606169,0.636162197727189,0.362387655498123
0,0.0140445075824451,0.00894420045352046,0.402673226788824
0,0.588180778825886,0.469442065484871,0.387067131349541
0,0.156467305748659,0.112449283239677,0.324238836242085
0,0.303449213190401,0.226411595025249,0.361277701167497
0,0.723408079961266,0.634754740175678,0.370378219184759
0,0.320046091075508,0.228414824161365,0.339720220746685
0,0.0157295264329554,0.0103205995298321,0.287733672586999
0,0.80420924451667,0.730615332210979,0.429950820070395
0,0.362858789507938,0.280862729108704,0.355970275143017
0,0.0623877017205783,0.04102916827623,0.289399954868971
1,0.917198110943671,0.881672767094977,0.191388958273349
0,0.546366022748898,0.45586663197662,0.361579161292835
0,0.0143422820753679,0.00922099619946362,0.390375643316067
0,0.596482680077942,0.495543935072917,0.353966211209631
1,0.912593921743178,0.875829397905315,0.265100538876297
1,0.927591647609231,0.899232224362479,0.405344887249641
1,0.80999531031894,0.740922440579304,0.251234580865967
1,0.908201743176057,0.872277470520962,0.24035304084399
0,0.363572173243107,0.275605818191023,0.463887181953981
0,0.36638970359257,0.261244641896389,0.150862009541169
0,0.0278368388673029,0.0190819958323712,0.324051412983362
1,0.478533403602205,0.36874788411498,0.335090531125493
0,0.557466224778735,0.459190718880104,0.1776925399514
1,0.865328446085605,0.815887041455777,0.296820823388634
0,0.106761821387977,0.0685465682848045,0.18025412901861
0,0.153380635547977,0.11035147813168,0.345865849549895
0,0.843246342846935,0.782207307912966,0.173639539573664
0,0.353870766470946,0.265409665023888,0.291995454456391
0,0.830268413014103,0.758937993124262,0.349388779186303
0,0.0888193402005621,0.0570116931620235,0.374881906188474
1,0.834936879514588,0.778436381838294,0.299525987495805
0,0.0467112861225952,0.0300345912582382,0.284027291880144
0,0.0492586924471781,0.0324090447223616,0.445680027101449
0,0.776574025095118,0.686362492013857,0.254552035344453
0,0.240792447932283,0.17363220466559,0.27214286384677
1,0.914659833781707,0.882535698520156,0.362116076674286
0,0.253778099230119,0.181276474214885,0.147518488685235
1,0.858069036110702,0.802849461028746,0.245823066213433
0,0.387556059835073,0.292863505181603,0.355703136883034
0,0.0136445013407343,0.0085105481237499,0.317780587253648
0,0.741131360410735,0.642255942134111,0.301423267366268
1,0.868527137826089,0.817124835633441,0.236508917169947
0,0.761244661378458,0.671515722937074,0.309564345256138
0,0.424036673299004,0.319029506447945,0.342908990311605
1,0.679671265606577,0.591961736163743,0.248660468615409
0,0.063124020807674,0.040880726559462,0.269418898738375
1,0.251501992557871,0.175464745931972,0.221250255501155
0,0.275145781211508,0.193501091227859,0.397113324200243
0,0.124541943648008,0.0857360655438924,0.36202960815006
0,0.909770128770975,0.874532509945694,0.35386619025005
1,0.903938523275645,0.86804802203116,0.290316422297065
1,0.412996463807409,0.321317747179461,0.469769278242856
0,0.12247419401196,0.0809343949605267,0.360697301027916
0,0.785454569132023,0.711624932994937,0.314899280027196
1,0.784072543909266,0.700984378510114,0.358089799708358
0,0.192760378728184,0.130847253362117,0.357820289893795
0,0.713345618494908,0.614527640862038,0.295803170217695
1,0.919032930074432,0.88496749967069,0.32917331736484
0,0.438216595746756,0.34805310522332,0.359273028426734
0,0.412425201625416,0.319925907360014,0.353291428117552
1,0.932494957584493,0.901326780830774,0.409504536142245
0,0.221424360979303,0.149795755044919,0.374403350630174
0,0.312647056004772,0.229668839400861,0.408192920056628
0,0.0443821573704598,0.0301847154242339,0.269977424927337
0,0.910104638038615,0.873122262440767,0.183526826819986
0,0.380981967373449,0.293386414966779,0.228583170469507
1,0.794711770460752,0.71562885497127,0.293095358380778
0,0.590050945014698,0.489356859837019,0.456805542570124
0,0.683551013153911,0.586686737591346,0.344081333030771
1,0.878108568904057,0.825488911755956,0.327291081720452
0,0.176608779749028,0.131030796174383,0.318834977690361
0,0.720192881603407,0.629397385748449,0.31493553766889
0,0.910924868160108,0.875011999728857,0.194465331118552
0,0.444263184148439,0.347233018795608,0.241750948061348
1,0.862440322077238,0.809372337349626,0.319693679166055
0,0.48435894220342,0.389709380462965,0.186713297406761
1,0.730609979949573,0.64790482874032,0.393471836609828
0,0.75997192889655,0.677957277135634,0.233651532557766
0,0.0438580594719278,0.0271385649586986,0.190605158592359
0,0.414780963032837,0.319993050463051,0.363088418819209
0,0.513981997419734,0.418199231948538,0.290830328979972
0,0.337531231281218,0.244222106718941,0.330437191710261
1,0.883774433811287,0.828749039708013,0.460691207578319
0,0.333437744790602,0.258453568581153,0.182687713761334
0,0.299179177059431,0.215709964325564,0.444183768618858
1,0.886861951120924,0.840665915762318,0.311766998232115
0,0.241535155522718,0.169770203590155,0.240913555457796
0,0.064922527264025,0.0420021253073709,0.397086619545517
1,0.883785072531784,0.835652462718381,0.343504147639625
0,0.0948253375077374,0.0613083203160317,0.356742554074334
1,0.826154172972953,0.761644718521725,0.414549910298695
1,0.414509960720161,0.309964120100176,0.363142472785164
1,0.90189265245269,0.861639043584147,0.395372040748455
0,0.290835449259488,0.205496146002208,0.428638533225287
0,0.784064819874916,0.70608242556572,0.229004649333123
0,0.325003492226778,0.238911688153483,0.404440300393008
0,0.136679094263196,0.0932724730016844,0.353541911264942
0,0.00905558234623247,0.00574367563645689,0.242608750263477
0,0.206164680089525,0.138865806028037,0.312881764396078
0,0.635857915935928,0.538045038270351,0.483359044603234
0,0.883402537116996,0.833553779973543,0.383672429092497
0,0.0437628593868952,0.0287000438688013,0.290031885591767
0,0.0110539065114335,0.0069683128858736,0.266965178744567
1,0.722448559012712,0.640056746138078,0.518545970822052
0,0.0625116474958135,0.042242164283089,0.362038342265728
0,0.0992731767084366,0.0657394522834548,0.335048971949073
1,0.867137106132027,0.81907770512825,0.275407474692065
0,0.810580633691381,0.74364120449772,0.305700639063784
0,0.592025305344288,0.48354845540247,0.292861972472295
0,0.649282396648495,0.548624934606122,0.341283133512958
0,0.234772012401676,0.167921005722204,0.413905502663556
0,0.226033351186563,0.159626049643146,0.309468961035661
0,0.274294067932502,0.189396811759109,0.402948468250294
0,0.122525937757615,0.0876441358587272,0.372001361933277
0,0.352337163570689,0.265042554355568,0.298251029062298
0,0.507914022529988,0.414542667689322,0.281670249416327
1,0.543735111270602,0.443568860265485,0.471527983400089
1,0.816245187807647,0.745403494305531,0.294790703267438
1,0.777492123326057,0.699115617324744,0.386330310761282
0,0.0155023965151032,0.00997412574410561,0.272941068383428
1,0.810270083979085,0.738237858428793,0.309993862287212
1,0.901491076347082,0.857476505950606,0.343597904490736
1,0.017356490542212,0.0108862015136118,0.437859778888967
0,0.445617684354862,0.343056042243822,0.341322180997024
0,0.873629834313186,0.814575429885596,0.218429390146407
0,0.796537657086519,0.725834307297044,0.309919973022071
1,0.842314587527723,0.783462142036457,0.136911911247257
0,0.368807082984115,0.266007082181146,0.266221426506599
0,0.790199600525167,0.71754599793913,0.236451310434125
1,0.872792037504646,0.820610975394694,0.425959619609723
0,0.860296264256809,0.808926450804686,0.338845761486322
0,0.317817358334207,0.232791911523284,0.232857080792308
0,0.669137737209002,0.560170431194749,0.348472355007513
0,0.100458955409839,0.0652128379998901,0.43829937870275
0,0.292262468662865,0.218476898091552,0.367695519653852
0,0.90510535760698,0.862695697132033,0.419473216695996
0,0.502171973450772,0.386534058229973,0.17503956679505
0,0.661040201767571,0.568366395164414,0.297189917463388
0,0.0199948077695854,0.0126984444750216,0.215007389942638
0,0.774416020998657,0.694943289680753,0.328305454890854
0,0.811329204831965,0.734281790385853,0.309642299178303
1,0.850239785594095,0.792846174757891,0.371296802105302
0,0.522715908670852,0.422498243842238,0.438445245707768
0,0.0128772333401165,0.00819888395356749,0.483173940540315
1,0.713866050554075,0.619480999951199,0.178708577176734
0,0.502527853811253,0.401698587284353,0.330535773429825
0,0.0757768800254862,0.0509034443117285,0.342058671838863
0,0.462849027575769,0.356194645580384,0.302111418731575
0,0.0369985492680076,0.0248131117154992,0.187342427137338
0,0.322068867326608,0.222357637914809,0.264590965973124
0,0.853346056474538,0.801762837666214,0.210010870462942
0,0.0314744019598225,0.0202900633653338,0.315364146542817
0,0.67111859079805,0.566974694472009,0.425018196684248
0,0.210868752254127,0.15260095285254,0.343397345154817
0,0.0747286309534214,0.0488070912200335,0.230400369948065
0,0.817516551659278,0.747495601526398,0.262270430622466
0,0.746835421616586,0.664865184300375,0.385342294613736
0,0.271136917841469,0.193688696033825,0.168308296644038
0,0.0283572346891315,0.0178357838001675,0.450004068636437
0,0.0558499777234211,0.0349183561018913,0.222454578095721
0,0.078828195764811,0.0553969626695896,0.276184877763272
0,0.0257223298650768,0.0171827455096801,0.243398096818966
1,0.849378197808552,0.793338018492502,0.180362396749166
1,0.825941529251676,0.763261288754486,0.479761991415738
0,0.159286067427304,0.117070322715909,0.230553026553467
0,0.243304714811653,0.175520213784716,0.291835465395179
1,0.948600604462548,0.927000256527697,0.223883462622865
0,0.0167938383203217,0.0107745924746325,0.335365733211339
1,0.722537276740223,0.634629410014412,0.302081182123177
0,0.568873824991533,0.451316895563187,0.369324932911759
1,0.568545764857478,0.468343993319423,0.317794238773203
0,0.21210967741687,0.149352822894575,0.388130182203794
0,0.387433812382517,0.287976242702153,0.273092109370328
0,0.0281172046691807,0.0184505909308994,0.302223109589969
0,0.330689082286689,0.248976504432533,0.427386309589045
1,0.763353040769284,0.676127319861063,0.247688187504265
0,0.866376416157535,0.81639875752327,0.3284727709863
0,0.473977441191098,0.36427859394714,0.169321788835009
1,0.875423894892456,0.825770424326473,0.425800825046392
0,0.168337023754426,0.112535746658214,0.326001036441454
0,0.639108091870339,0.544909576650485,0.301224809055311
1,0.491955639721834,0.399607700114684,0.355008280586602
0,0.010931132906782,0.00686636281461962,0.364953987979612
0,0.681347724400561,0.588562393219375,0.378886219405827
1,0.51735850094565,0.407748136096938,0.275530308107186
1,0.89055813194996,0.8457431079173,0.306505082523105
0,0.0168664057400269,0.0108349359953518,0.368339561137773
0,0.453637205017966,0.3570873238013,0.16824416693691
0,0.163095088231886,0.112019208416567,0.264075686429053
1,0.846876203638952,0.795843166600543,0.295631347194879
1,0.936229225037134,0.909178467728682,0.458376001676284
0,0.209841134202867,0.14617601407816,0.349238725617608
1,0.931537553755247,0.900082635733786,0.336600519307261
1,0.472130712572187,0.364634820748801,0.225848628851566
0,0.846942953945818,0.793926040428984,0.259016405827622
1,0.670354614305734,0.57760639226971,0.319278586580033
0,0.0566782826618599,0.0367113466440064,0.305128424702601
0,0.353261867562095,0.258100114482942,0.314110053620982
1,0.782167740492171,0.696808205622058,0.261268591983178
0,0.585608681610857,0.482361701582585,0.252295222602266
0,0.492569730858329,0.389309139270068,0.307232238969555
0,0.496265518196495,0.394916899474539,0.333109629921593
0,0.417913640201124,0.318629157825603,0.246633480449376
0,0.455862202220936,0.36176975134086,0.243443718141053
0,0.0202742933353617,0.0127361871858917,0.314590338365467
1,0.782180769945046,0.716527161131557,0.200515436728418
1,0.885951972579175,0.844112770026304,0.298111380939699
0,0.0804173271676897,0.0526779915795312,0.421171335461832
0,0.490563843010852,0.383477821514241,0.297373042703706
0,0.67448709023636,0.587679604932459,0.254900211485513
0,0.0152526397627045,0.00984748108295762,0.43956848964454
0,0.018253852110088,0.0118302192641766,0.377407820640161
0,0.0690414320994136,0.0460911665245396,0.320806389546301
0,0.511138971509724,0.405594986332176,0.334352238755936
0,0.0264508959912672,0.0176638267127747,0.279264244169991
0,0.770947623828122,0.683760035329898,0.468505638341481
0,0.0286597317981474,0.0189458607336231,0.303683315741717
0,0.361496930254715,0.27453058212152,0.233766436618122
0,0.175350510202831,0.128885783534193,0.240228366377692
0,0.649255756962391,0.548702969223241,0.289531582361647
1,0.601260666191061,0.493295441762453,0.171863257891158
1,0.294980380910465,0.210816923835122,0.25113116468299
0,0.575584402265423,0.46355187445549,0.309433381519947
1,0.503068865050159,0.402173441600097,0.411362613714514
0,0.495550614364385,0.398363102346883,0.311915785478927
0,0.023590731605861,0.0152731002136765,0.12170515073409
0,0.846021862873921,0.779063984307967,0.293179027165334
0,0.0480995441378634,0.0324697411770863,0.33198556931215
1,0.695573616713279,0.598521827880107,0.352714306222125
0,0.409563167529659,0.315767081085945,0.353154816596754
1,0.888295448303406,0.842013652140534,0.248618993190569
0,0.770218758218334,0.677914865044699,0.265324282905682
0,0.179358245998904,0.123043839731025,0.406326419296244
0,0.317027139722269,0.226143407201345,0.201108639298086
0,0.183104589838559,0.128205780157168,0.246893415077521
0,0.0142665320739767,0.0088088977408754,0.190348499630426
0,0.111065139075083,0.0752121676449874,0.244650081225223
0,0.824344108130131,0.756494706603174,0.223603884542299
1,0.8170417003184,0.762046072739227,0.387577205050128
1,0.865081665565091,0.809059428168413,0.349897953256585
0,0.0634028018354383,0.040264856765155,0.322885307396122
0,0.0133357025205942,0.00836291276285337,0.267337335821332
0,0.255183472119111,0.186183782264529,0.278400656913712
1,0.81405429049754,0.74431146868727,0.27282098851293
1,0.788462400322539,0.715091844313473,0.298621031280153
0,0.314718433397278,0.228206842922469,0.327580255088532
1,0.801406852495556,0.735575013540173,0.280217128014442
0,0.191203094368041,0.122278340561707,0.398207550663223
0,0.0339194774545944,0.0212166630028092,0.18978253755113
0,0.823529534055028,0.753007757649405,0.307960533192083
1,0.24977212889973,0.18262042957518,0.295729546629715
0,0.07189102699015,0.0477694957550978,0.309271478740068
0,0.0310534326474131,0.0196737917650733,0.234052777552635
1,0.90315863145914,0.860751566336247,0.358156894622405
0,0.588117710954282,0.487269952361134,0.241974133957755
0,0.825721721838828,0.76378422799613,0.329196584832046
0,0.0481021977131455,0.0322175603579794,0.291972971425189
0,0.479589098303372,0.38815874104682,0.309401220581747
0,0.287561238912518,0.212127872990889,0.378958452225182
0,0.860097551945355,0.802306908397205,0.321561305021325
0,0.0354996169474911,0.0226373599577786,0.507735297055245
1,0.669128892095137,0.581057181652109,0.538964249162742
1,0.747196522689279,0.660547543231272,0.407326026451248
1,0.503525958201632,0.389766718155519,0.317777240837221
0,0.79057990071242,0.717118737581391,0.254429371795288
0,0.070373267365072,0.0482123430171605,0.233538749160189
1,0.781720824255307,0.701420781141114,0.527547543406579
1,0.351490062455611,0.265386632953834,0.277236397885265
1,0.501036749469829,0.385677380324946,0.397394753032839
0,0.0358547252534812,0.0225444140555893,0.293024457374662
1,0.793298921946511,0.727689124503441,0.348819342563957
0,0.0623922471182114,0.040301407660731,0.349409951292136
0,0.40396194968178,0.309023552751123,0.337093256799644
0,0.0146703010241769,0.00958941345566304,0.199500459269581
1,0.932306481604578,0.905632067358246,0.121833375938991
0,0.0253038297600197,0.0166618913040536,0.287008725477113
0,0.791848269232324,0.714298022837005,0.371275324595533
1,0.875082742333053,0.829275357165282,0.201605901200381
0,0.46983330293676,0.365174210702624,0.421953490329166
1,0.910306621061496,0.873590730869227,0.412592603378096
0,0.0789657105772094,0.0535285748288807,0.304836483992115
0,0.699308174256701,0.60837481095662,0.317030053472542
0,0.567977910702411,0.465450979460315,0.42291483063345
0,0.0733314844683332,0.0475767812230101,0.299999391432374
0,0.613867688530143,0.499623755370717,0.276047650984576
1,0.38956884053394,0.284482220074049,0.293449718027879
0,0.581240748648671,0.474663009684238,0.312611105865394
1,0.818432438007296,0.75128489585416,0.281663413522811
0,0.293891515135798,0.213774590167865,0.239746270593938
0,0.196990026998301,0.139321593257827,0.285095171197783
0,0.518514823471826,0.417162265017854,0.385669895539696
0,0.196684687461823,0.138315116798713,0.235087381803464
1,0.902716799806384,0.857717677926562,0.311524090870538
0,0.851115381208763,0.794243167613028,0.400057939661725
0,0.77224471573532,0.694186903533119,0.362693581625951
1,0.857924747280937,0.799167164990722,0.244967291196395
1,0.800356280160408,0.724981278874311,0.186253495572135
0,0.70474219928657,0.605983103360147,0.300951572993327
1,0.865261736920455,0.813099409246456,0.360205628400495
1,0.736302091343787,0.648784592513013,0.163284883160145
1,0.697206262209933,0.607779199189226,0.240573066453572
0,0.503608768865316,0.40551691600543,0.215886965678075
0,0.392808966588181,0.296102148543787,0.218327026291257
0,0.216284515375335,0.151782980208999,0.322744226782134
1,0.839438444888905,0.772139024132106,0.442662326970459
0,0.113414566756144,0.0790435878235287,0.256072363177191
0,0.0305142629454596,0.0193088287212009,0.24573797606204
0,0.0530756878742917,0.0336185472062913,0.380597927996627
0,0.366423682924433,0.279290438789162,0.370862581391991
1,0.0194475605613614,0.012100268054634,0.36228277638044
1,0.124731730876765,0.0776227855362492,0.294722060767415
0,0.420761751605742,0.31030372675235,0.342914706045144
0,0.868786068443003,0.819998830770715,0.358285327791517
1,0.827614941844119,0.772219305213376,0.596674892733239
0,0.534791639865752,0.427513806816228,0.352680239940874
1,0.902036676457524,0.860969497834576,0.361296658860747
0,0.0834173250275524,0.0513802601531562,0.223190666009651
0,0.50164533451927,0.399693226153201,0.233108124041298
0,0.173135621043156,0.12287966198264,0.232600638029581
0,0.660224033031554,0.572373373221842,0.370312316560192
1,0.832733546070977,0.772837254597648,0.294863500126048
1,0.721946552513703,0.644936232068631,0.286071456510524
0,0.917208584412907,0.883894749614188,0.34709314912149
0,0.318214659509063,0.2334612070425,0.256596590353253
0,0.563631344992107,0.456931369637044,0.359002785844439
1,0.259653659319687,0.177484494118088,0.249433557741837
1,0.886401177729134,0.843087967454164,0.446925838500212
0,0.00981276836530585,0.00636975093822991,0.321802934021822
0,0.535406201309826,0.440288694481688,0.409279905568289
0,0.0984473279202281,0.0642264679421479,0.355052583261349
0,0.0120368232842349,0.00775528629035928,0.406964641229651
0,0.633216792927844,0.53440986407057,0.275293488839696
0,0.0597461816720403,0.0388270707085866,0.287764153575578
1,0.731727436970545,0.637307642764315,0.161266693709049
0,0.590961005935238,0.480194620716208,0.340578744156638
0,0.240982675109254,0.171451634130162,0.267614609318046
0,0.34511335473783,0.254669260736343,0.383066156374637
0,0.475923627318374,0.366669656493332,0.255195393559395
1,0.863143208918012,0.810194685481974,0.351955294837945
0,0.655641564169502,0.558367467120162,0.315531712765674
0,0.12144300996441,0.078294602837394,0.419410999831956
1,0.376526169596132,0.27956062602283,0.288573975320905
0,0.131349329895833,0.0873352073258916,0.470369732613341
1,0.838845586797864,0.783396050089227,0.477275639617073
0,0.0223716445892475,0.0145247255002014,0.363962577097565
0,0.59337025522983,0.492144957065372,0.347686296885242
0,0.357932370575607,0.277188001037182,0.451841563880416
0,0.860391320990907,0.802377516795086,0.280351136553601
0,0.532950885624216,0.42169555379205,0.247728255891396
0,0.264655781295017,0.181356955895614,0.353244279072651
0,0.505367392934388,0.398682163368218,0.349607413589995
0,0.450593602521283,0.353509514115868,0.259912052920158
1,0.797497676476148,0.718210884070467,0.351815135224455
1,0.739335073905526,0.656693498770196,0.2273574438382
1,0.77609961702188,0.696100972350161,0.412266008934433
1,0.861366710101667,0.804488745882511,0.314814898224805
1,0.855133801308691,0.7961248666445,0.311570062027174
1,0.703964642779381,0.6139245953694,0.394409456950022
0,0.166268241019902,0.115615746368055,0.427857105831157
0,0.0261758507964549,0.0169686433001505,0.455424333596428
0,0.691875024371632,0.597852197634077,0.443205605167832
0,0.16997662328957,0.122421725000767,0.402678961658447
1,0.12359007526593,0.0820157260698357,0.374140375916103
0,0.0680597235437081,0.0433075368611329,0.391689647088368
0,0.74385951776741,0.652236575460027,0.472704148631011
1,0.704732206489669,0.616576478902529,0.294415152186507
1,0.853147604099597,0.793313383089635,0.295099922734177
0,0.31347201609493,0.223784184932307,0.40884121808613
0,0.113758905832837,0.0755507146543545,0.285239142148931
0,0.605050369534242,0.498619338418358,0.320252370726716
1,0.858236683400444,0.803890970892462,0.322392091189282
0,0.615363631693025,0.518023755558952,0.261458201135414
1,0.929514757666977,0.900462385886829,0.349878126064297
0,0.0136229587347319,0.00874141062873679,0.290651135886406
0,0.0391170536441414,0.0252353083643011,0.343870061253639
1,0.5722000445884,0.484526795416124,0.363922757327284
0,0.718092860797669,0.619895212998978,0.295831392569302
0,0.741428046638377,0.654505281813085,0.376318917359023
0,0.31289779602779,0.225564735673641,0.37388291701206
1,0.0621890740480653,0.0392328590058429,0.309074001011371
1,0.900326468824586,0.853519436824824,0.308400970252949
1,0.911507538359874,0.875684864320514,0.322374606712309
1,0.642841889655777,0.533457205790578,0.303719135459707
0,0.74223505817436,0.64135710644571,0.589033175316332
0,0.103669622974727,0.0709435725609797,0.304863981318262
0,0.458128328629983,0.352658142704917,0.276193616231537
0,0.858253294647336,0.801731916834936,0.313682323592239
1,0.803976509158449,0.734825533441309,0.266590980678874
1,0.944127274704002,0.923683187116201,0.326714040597069
0,0.164020262083482,0.117779373921805,0.444034953351115
0,0.825941351935021,0.759323255773211,0.217818354728911
0,0.685500430969886,0.581113254630521,0.239140615427351
0,0.682840233356752,0.581240028148805,0.478720582323912
0,0.298390684669808,0.209425741918306,0.251241094749886
0,0.18854736616336,0.133563691908033,0.197676530512762
0,0.516148516977626,0.405646300690062,0.203738942337746
1,0.904958917575519,0.865504171139966,0.249847236257712
0,0.212508189265302,0.148682444853997,0.279539213571962
0,0.014252318736642,0.00915089254415976,0.244403378089065
0,0.816763338632212,0.76328528516887,0.246213330130177
1,0.759731497544408,0.690163651838336,0.315744444782018
0,0.667715315312498,0.584900312999228,0.367441105747991
1,0.788093856413861,0.704135396236098,0.39972847486663
1,0.913291986934854,0.874518565557955,0.313998814208812
0,0.196213610290521,0.136711243310119,0.345795104557773
0,0.381156813770005,0.284881225797148,0.417505027761404
0,0.401390769981526,0.307232898866802,0.478272830752367
0,0.0171532387352161,0.0113797350160089,0.412359470790092
0,0.711673394556898,0.6307753032281,0.334004006064533
1,0.915408698414919,0.876417621966697,0.277991052469856
0,0.176126134895246,0.123698337556153,0.453048763898349
1,0.907487930255164,0.864861160906567,0.40895674199406
0,0.136476247994871,0.0895396724568514,0.375084754230935
0,0.282853791388184,0.20703732616332,0.344501850967397
0,0.873193180352599,0.8249183895959,0.317898378398585
0,0.695432256557159,0.60408011088734,0.202440479510975
0,0.022114171202545,0.0145061516040021,0.336427678470603
1,0.95665408445171,0.938996835933516,0.390838857218979
1,0.497900011904043,0.394687385552718,0.33099124043176
0,0.841100081055294,0.785671962363628,0.356357159997727
0,0.800641018990135,0.7256415615412,0.387045101874936
1,0.710957971409604,0.610796623695185,0.411004313232334
0,0.324114394997785,0.245900915087576,0.341897646935784
0,0.187550206553158,0.131756361405775,0.434689228020864
1,0.793736884820743,0.72092779438781,0.414504236829109
0,0.586379612861097,0.480543642594784,0.371008741952448
0,0.690458539836771,0.604722101885651,0.438845514851
1,0.891142528739339,0.846686124303238,0.311128182094392
0,0.219137368679092,0.159282447134813,0.280234148538425
1,0.715526708710667,0.62505599273833,0.261587948786921
0,0.0735273661582161,0.0472915649011244,0.257943619278459
0,0.600049044669529,0.516363301977785,0.188828229987974
0,0.130194092980742,0.0895884382887622,0.224236856161963
0,0.783217102679675,0.695459304815243,0.417076252259845
0,0.0295749611123896,0.0194235906835321,0.379551526276543
0,0.134494365716621,0.0930354871869613,0.309797611797162
0,0.427208600238646,0.321574349971488,0.316498783636227
1,0.916585953331889,0.883994906739075,0.205918067440339
1,0.732510063887014,0.635328450536677,0.260515568654331
0,0.53656871565351,0.438866857198663,0.455506841249532
0,0.02322410678797,0.0157014894691523,0.345882521809541
0,0.119012814537336,0.0815630812598599,0.452521697239022
0,0.354154339051559,0.261636418784124,0.277029997627377
0,0.65080275236152,0.551543277805453,0.349591695856154
0,0.127810260739195,0.0870047092819957,0.36807165861493
0,0.211587731051928,0.137849292281686,0.376791209534534
1,0.900881507394096,0.859569458415371,0.320706775729138
0,0.719919414719468,0.629983683295954,0.330119558869347
0,0.0143915100834863,0.0093157496152455,0.269601049909641
0,0.350725973656779,0.263786987868599,0.274823130927591
0,0.655198490784687,0.562910204932529,0.353702258308489
0,0.843053828854933,0.781084597968472,0.276992441097297
0,0.504620356289837,0.406400276340081,0.423655660250329
0,0.451690920498302,0.352812516915655,0.292216406557658
0,0.542265202753534,0.439453553002298,0.176164976408982
0,0.456021590247596,0.345427804115768,0.298111692589767
0,0.177890385886536,0.125820297409694,0.398029186898378
0,0.123866284169275,0.0859132232756392,0.319937043646437
0,0.182612930791269,0.128866853842462,0.315283519039898
0,0.549364726470621,0.440251683842793,0.384517539090023
1,0.786986174061213,0.710255501636718,0.300879704462475
0,0.289159981368442,0.198881381886177,0.3582650000332
0,0.57619068611319,0.479911495684973,0.316668428190307
0,0.191268729576352,0.133101401139204,0.257515257330026
0,0.0778805125339166,0.0510677523702636,0.336907837076829
0,0.810409322272104,0.742401501216395,0.285348607922162
0,0.145376931398659,0.0992081209921239,0.355085947773977
0,0.163538990364187,0.10677995746598,0.278628061443347
1,0.8266409697492,0.764531376548299,0.391197268113597
0,0.568956775254203,0.462225015396976,0.468864746649797
0,0.639502282130616,0.545629428061466,0.214537574972351
1,0.834662993903383,0.766019859122177,0.328482345315841
0,0.544563062744798,0.434400038943863,0.187821916454826
0,0.195796272240044,0.13758578969505,0.247750227098406
1,0.805093379757923,0.737696465011076,0.463735124333811
0,0.883329973316066,0.83580631423994,0.345230275877313
0,0.319120990667749,0.241444629902397,0.209428982953541
0,0.0222336769483288,0.0146312968549081,0.245810067284879
1,0.908185560874902,0.875509313513679,0.342365485094725
0,0.483102153964352,0.365211279211813,0.208997031761072
0,0.0432932342491472,0.0288820918882575,0.211356549906462
0,0.244838414670252,0.181177867087393,0.211414681943042
0,0.225398700159178,0.163297142081993,0.337853959457055
0,0.224929299231471,0.164600717264282,0.416722777985386
1,0.866541218936724,0.814307457689215,0.354828763777661
0,0.527706864223005,0.438536970608466,0.434019676382424
0,0.208387730272022,0.139376059571461,0.209892492058064
0,0.581125747805691,0.478510094588377,0.338590517535818
1,0.83495064314354,0.766273414308524,0.272374422492664
0,0.123970049799262,0.0857391130415014,0.332201245986941
0,0.667976309281331,0.584671015880696,0.347294035435931
0,0.65196090953879,0.563596969503655,0.227279992061004
0,0.768921726026621,0.693129971102767,0.295655009005739
0,0.636031582287291,0.541437163943283,0.403940835362819
1,0.90408644386116,0.861758240529165,0.354731768419279
0,0.412513651153461,0.315698145708821,0.185568619866122
0,0.876521986439132,0.82678495663016,0.286983914925057
0,0.0338331642695765,0.0223710270203779,0.278618612815719
0,0.0157224875732081,0.0100113627539463,0.410292726750154
0,0.30273127624749,0.224293621970774,0.328438794676238
0,0.441669701763123,0.343220166684322,0.246505324827501
0,0.24545068164917,0.176405058454651,0.234188807885317
0,0.542619322411104,0.438977016631842,0.324635067686529
0,0.284088771179221,0.200796514858763,0.38565795530481
0,0.558629910383612,0.449413694771148,0.32857531621957
1,0.581207985807916,0.479615949769949,0.282169146468871
0,0.849400472061098,0.791244155832172,0.316873827726405
0,0.726379300221779,0.640055063903383,0.342784274920446
0,0.556526234006666,0.44133663060807,0.340780771578732
0,0.405410255480616,0.305851881717788,0.329237167335661
1,0.835781273014229,0.774954936723539,0.335508724621919
0,0.341802523753574,0.25939175252383,0.203191202521628
0,0.224522523028197,0.160093001211909,0.296041725818184
0,0.624305250523528,0.532631992692572,0.415546760591643
0,0.541207842463867,0.43601670921603,0.351008527763794
1,0.762116145806495,0.674206755162797,0.364425966315641
0,0.229649621610809,0.162410251579709,0.322202764757675
0,0.340454738960867,0.244382889734465,0.325828238013996
0,0.217430421670998,0.143176424793404,0.225621575582058
0,0.551272952453394,0.444640827568279,0.321650632148098
0,0.495930580788341,0.386807210786561,0.329142273358593
0,0.327851831246029,0.247458845538605,0.350447901866816
1,0.735829591056236,0.643564461629429,0.245671426486428
1,0.420051562653219,0.328601191516696,0.370533730659091
0,0.0427861030256783,0.0269880995724455,0.287808568863962
0,0.0288720260998004,0.0190436558561969,0.322264233936988
0,0.897606431266731,0.858517301370119,0.289034715258959
1,0.841270838089832,0.778824023530173,0.18068719112504
0,0.823103592776062,0.757369564306228,0.354831519550284
0,0.0384682172124362,0.0242464324960709,0.432602510947826
1,0.860571190738421,0.80535973021723,0.291034521447636
0,0.232718656497,0.169972959964681,0.373115911109526
0,0.469833949446117,0.368423938791146,0.236174119317971
0,0.500838762289478,0.388264181264857,0.542878426047354
1,0.914325944315258,0.87866074525616,0.497347248579933
1,0.750308855400365,0.659097379548643,0.446190712300417
1,0.467947193086424,0.373455818010015,0.297507390947516
0,0.462226779794228,0.355285133885794,0.341199920273055
0,0.215111005118303,0.153435424759253,0.553410327474561
0,0.330567103019185,0.251765229351189,0.299940961233151
1,0.69185170794735,0.597308350847083,0.422693222529966
0,0.505991124557408,0.396434645938034,0.378276827599148
0,0.775303319936243,0.693990518682319,0.457060031585065
0,0.572029537203658,0.479675538423054,0.294538946448531
0,0.864406905671601,0.808625324484485,0.453407928491653
0,0.867657723204683,0.824180934878708,0.427013058366277
0,0.568570450977383,0.455338725039688,0.37827399581001
0,0.870040016717944,0.823741032311837,0.467749581823233
0,0.141550257945406,0.0996289205603061,0.244463485488455
0,0.0196706542494101,0.0127079899006776,0.316358502026642
0,0.417578381516968,0.32640742274967,0.360918360546769
1,0.881906791930941,0.837456218278824,0.263830511493265
0,0.191108551502003,0.132860991972581,0.39017979317127
0,0.677885605769683,0.58770373270952,0.485844524450556
1,0.914016983637351,0.874069490099697,0.354291295339287
0,0.0770625682635059,0.049939077912023,0.553113828251644
1,0.616170540032784,0.511660154052607,0.354717314809243
0,0.165519742340115,0.109701011557879,0.24799610553659
1,0.905392298628021,0.86343953435425,0.40009751676527
0,0.746099416464784,0.656667873141584,0.572705674687961
0,0.21156321732976,0.156879880252934,0.446129574069058
0,0.650225246220631,0.566229635682031,0.377366121665071
0,0.629768336976149,0.526559462700885,0.434521749933558
0,0.50345432826414,0.402324573162977,0.603963935082947
0,0.323644622040368,0.243725724238573,0.41103704236569
0,0.638795389870623,0.537210751664486,0.417910524884308
1,0.836535864974084,0.778469837515316,0.422345028838705
0,0.0594533919763395,0.0393021540357248,0.42863514890729
0,0.543460809619081,0.446473492142357,0.342957241093292
0,0.104236324232099,0.0755285706013873,0.473161068354291
1,0.93368814959397,0.902893462549704,0.399983199314933
0,0.0388617299993453,0.0239083010828347,0.398566965409424
0,0.150451498692201,0.100161953093363,0.58299616124338
0,0.564054875774971,0.461658658242675,0.424095518758308
0,0.143062685801451,0.0979912665732751,0.330669736479993
0,0.497137729354178,0.387678201370004,0.57329684461555
0,0.112602871126407,0.0755092788917621,0.534364459944652
1,0.874204580454965,0.829780674575353,0.426494183128943
1,0.864085948829109,0.807799452372412,0.441154501049479
1,0.868575412842256,0.812758793754372,0.505655939134261
0,0.134181600489095,0.0914788228535458,0.501223006061676
0,0.357546387084667,0.262451327646002,0.387044488601798
0,0.796723010119747,0.72523299023718,0.469342822390395
0,0.477351520830638,0.387445163184078,0.635339011490273
1,0.907261768065648,0.870365417350362,0.459313128737872
1,0.845984371703036,0.792656064320918,0.461850419037921
0,0.391202014819977,0.29598941093681,0.569461776158171
0,0.143377463256786,0.101747835531209,0.485992979402233
0,0.60894350050728,0.522367574911367,0.594853020588411
0,0.47329918223017,0.363716877782101,0.510557284018846
0,0.438663158476035,0.338002838136374,0.635833046706494
0,0.00778095859099177,0.00482996862462693,0.589650736456584
0,0.144382786402263,0.100538368390082,0.549777581178338
1,0.653225143220859,0.557758456808869,0.674192605280224
0,0.274514880051241,0.189301889649042,0.639757603731029
0,0.767550256406629,0.695267245438113,0.509987092988002
0,0.453098812520176,0.347096460206217,0.677686556039266
0,0.177101076951638,0.120518917942152,0.73779822381915
0,0.603638833075889,0.489885233544564,0.663929144276825
0,0.100662747149487,0.0668334032032769,0.733183019894606
0,0.175917390008292,0.123589210895705,0.618946187222133
0,0.176377415701753,0.127726997075738,0.582725203471117
0,0.21404525619943,0.146777319571486,0.712915362650998
0,0.332760754086082,0.249559385226604,0.595687835904654
0,0.326729393455415,0.245179839052888,0.609127302094498
0,0.357695632571824,0.27105769647098,0.681054619894825
0,0.57399185219894,0.480509229221389,0.716841695677039
0,0.430426182796534,0.332757092278931,0.677451214233521
0,0.263055346589943,0.194429179463837,0.588916643842143
0,0.502453184770415,0.399457956049496,0.734784925254137
0,0.77719101069126,0.689651200273383,0.716506558666792
0,0.0650756521724672,0.0428298265674861,0.699439215350284
0,0.7154404251285,0.61599035878387,0.754597243115917
1,0.517923121332051,0.419506461406478,0.59941710199366
0,0.139684488460598,0.0968460065740341,0.748308709985886
1,0.812351151945021,0.74306959166625,0.714858243154032
0,0.482215153624972,0.380179318285717,0.650037640964668
0,0.330814568114998,0.24163764987408,0.63978814833927
0,0.0390545722091025,0.0254048458907747,0.690515927352735
0,0.261353084478588,0.195192011656737,0.659541184073993
1,0.771372423849097,0.684745914914998,0.650591156833322
0,0.169077860862681,0.118607724173035,0.722613253000323
1,0.815294953268347,0.747520612684424,0.739518837607653
0,0.138187682224689,0.0976024416267208,0.695057034077397
0,0.489812614319046,0.391453736944682,0.527987958196558
0,0.912571675396567,0.878869110653148,0.780435266193129
0,0.183462578517999,0.129407955931967,0.520384401279492
0,0.903426209076531,0.865944563710803,0.627829574959638
0,0.653006731800771,0.541780737805964,0.661967880781856
1,0.665678554334382,0.557905717323363,0.636725268622144
0,0.0268608823084339,0.0174532918551864,0.792183226308377
0,0.017045449082013,0.0106917412080156,0.593295374740646
0,0.0442090217172207,0.030878404772547,0.711248689306245
0,0.555984647519304,0.460494482539707,0.774114347777118
0,0.594337610757743,0.48681327917096,0.632598242807348
0,0.914006336373817,0.873449369709893,0.73759656132125
0,0.756515288530784,0.671227411822991,0.588568891198234
0,0.15389476298771,0.103497045095483,0.691373998785619
0,0.0220288529831378,0.0141512383413081,0.614370968484696
0,0.448750161952108,0.34650847514713,0.649441581215952
0,0.147873371204623,0.0972647306797652,0.749294831498727
0,0.281333783113705,0.209674667772386,0.69758415034866
0,0.664218829303471,0.558776231792465,0.692245536523454
0,0.105917081704481,0.068080547724548,0.747175123415196
0,0.514103774079741,0.406283736267785,0.65274556953498
0,0.663880461967847,0.567270403717778,0.781298707369962
0,0.728066959434809,0.635146631348484,0.675758310648969
1,0.237710356644222,0.171713997460943,0.634499944233986
0,0.619358485612974,0.513589082995249,0.562885074155777
0,0.172639985396991,0.121324802550439,0.625083723275581
0,0.688897894336888,0.605298236082703,0.748387394852645
0,0.105634636593247,0.0687040920476051,0.712999970834461
0,0.162900743375626,0.112649995531103,0.6236009869223
0,0.778848933953082,0.704662576096986,0.690962357332099
0,0.0397842652244202,0.0265688667792447,0.680126589885185
0,0.0218524256916846,0.0139171959990327,0.616807403172305
0,0.0238071014776127,0.0152162959844088,0.683129722666285
0,0.1593239914856,0.109641704234266,0.761656654999293
0,0.846302074367911,0.783736772938294,0.586495549360264
1,0.765625863236141,0.685946798412484,0.713379766060117
1,0.904823092262212,0.866795724114166,0.667124627644363
0,0.145218213217494,0.103212742840085,0.731054909114843
1,0.392890088483351,0.302958427752561,0.702271775756728
0,0.587658463202568,0.482407450243334,0.75796282938698
0,0.153430846564126,0.109717689739406,0.72950798277921
0,0.106422843667908,0.0743335563027732,0.744473836873375
1,0.915247146629836,0.880362282418067,0.745746772559281
0,0.754689935203889,0.673270950258349,0.680483112668229
0,0.0231705106330279,0.0154633248589817,0.707293585518673
0,0.0795845396672312,0.0553055152636718,0.774661745661801
0,0.724429909530759,0.642180297177544,0.699136106216602
0,0.610251462088008,0.502412025295892,0.687788802655465
0,0.378156307706068,0.288890282721144,0.688974166272911
0,0.598624521756918,0.497689600624359,0.756327487008751
0,0.774650929323475,0.696452085460219,0.668784570201634
0,0.19690577946956,0.136253700356163,0.645995299352727
0,0.797345786070742,0.726726354055868,0.737094787787512
0,0.0877831951417031,0.0585480439935333,0.661335592401631
0,0.856753784069353,0.797980181525061,0.798075665153827
1,0.89787820796075,0.856899829363141,0.625951808953533
0,0.834184873399623,0.765701719494826,0.74618422115192
0,0.266038068124616,0.194621671066885,0.654596766126191
0,0.283983372730798,0.20842042437013,0.657924670705617
0,0.771538681265335,0.692863921099712,0.579142547747122
1,0.632349627927278,0.526599168165687,0.67536581845849
0,0.794648264192124,0.731542550738479,0.73838624875734
0,0.0783470562863773,0.0482654194130819,0.616197454038694
1,0.625029883209181,0.538062152510129,0.810396601559802
0,0.132036856727402,0.0906515098134679,0.650656106331533
0,0.0296141988545677,0.0189852365411917,0.617848757168717
0,0.635542853328968,0.53594239937829,0.705035873427105
0,0.054449614384046,0.0363446755558717,0.781396394523355
1,0.483861704785929,0.382635865592695,0.667894268994276
1,0.76042955849558,0.681679518358427,0.56812083160956
0,0.649740424323987,0.562910805100127,0.741710110356835
0,0.438682613894673,0.345158600472307,0.672262291121857
1,0.87459931487989,0.818498288785886,0.714503347504484
0,0.080158073027492,0.0558685488241611,0.628662540889847
1,0.939906544481154,0.913723868619256,0.665183137343122
1,0.484415781144026,0.383374058008493,0.627747537547194
1,0.840317134541456,0.788259881809326,0.661542797178496
1,0.509558375330583,0.40789517035123,0.659887000443681
0,0.122632402657105,0.0798499857639109,0.627978662738234
0,0.758972622427933,0.673557916875323,0.65043597306919
0,0.392411438288526,0.296570559044689,0.657223900334484
0,0.53788725116411,0.431467298381104,0.61953627907598
0,0.0342922112220857,0.0229046948749202,0.679745645829723
0,0.89259602812371,0.855942285534113,0.571303931919773
0,0.437791033739101,0.345698097613361,0.687836728822743
0,0.526804382047645,0.418020488769882,0.5172937947029
0,0.505301564761016,0.401837749066805,0.642698362522466
0,0.840794567566717,0.778987705410615,0.789389667815978
0,0.2644594815751,0.196977645500355,0.756219334749139
1,0.680429164202706,0.597123123869478,0.703487849064144
0,0.831900864262559,0.77418242233471,0.602754149135972
0,0.127317079324127,0.091604240057262,0.46429817316321
0,0.190160175172905,0.129690176447402,0.677369823159777
0,0.738659688941436,0.660191310456967,0.66286504104256
0,0.718753966045013,0.625466329707432,0.720312297158966
0,0.0593169599410504,0.0401150456568318,0.716020732932132
0,0.129026329749949,0.0865567467921505,0.571877016862814
0,0.278507533972459,0.199997405333461,0.739410885047393
0,0.783781389607158,0.709001473437792,0.714233151724117
1,0.527935531020493,0.431099143108502,0.727858559452169
0,0.186970933886988,0.132195215253112,0.665343155650597
0,0.441285411966499,0.350387806345899,0.786569104301666
1,0.839422985724578,0.774583126863126,0.64335369135396
0,0.471476635195552,0.368682129170444,0.639152317364876
1,0.895874610015908,0.856714630440643,0.726513314335771
1,0.893458165047823,0.84997835062899,0.616752446854206
1,0.325798318876416,0.223988381438529,0.686759846117632
0,0.686983731563674,0.571853871919981,0.695217710360495
0,0.0539922617816295,0.0344738863104277,0.721962974892937
0,0.876296193465748,0.823706367256261,0.749149928437746
0,0.0193869577765568,0.0129197864084672,0.73982298961943
1,0.907654198528196,0.874148634882889,0.696605730230387
0,0.587868911576341,0.484422501445388,0.754320999886145
0,0.832462795381543,0.765984641833082,0.705357534768094
0,0.337185604058533,0.255108956526398,0.679092000995393
0,0.504150843881583,0.403124076949935,0.617549353812765
1,0.909315837322098,0.873957130438664,0.553046174633943
1,0.926303327836746,0.89567846885679,0.656819303961683
0,0.650839119056177,0.543188623406818,0.820776149102047
0,0.0551519654176997,0.035169048987806,0.706705737766402
0,0.672474994814542,0.573875923192467,0.678935466819325
0,0.136091297323324,0.093710451403404,0.664830087117345
0,0.2105447910347,0.142893972311515,0.619142521972729
0,0.755938677659441,0.676928092910503,0.756565336432298
0,0.787748631283832,0.721369162851428,0.707864083897704
0,0.815133204869267,0.748930039936237,0.554203947722965
0,0.0460480636353809,0.0298993380378036,0.760582648307739
0,0.319319845635144,0.240042151360142,0.717568933708167
0,0.580834180934386,0.478716796942333,0.552260853146687
0,0.0405627325680183,0.0262619387880231,0.752672264179798
0,0.132098357805428,0.0945452228811682,0.71580696167579
0,0.156561202249434,0.107328770086268,0.787643318269918
0,0.225782742385482,0.165421731943861,0.627272374993336
0,0.0103989679002806,0.00662604252385579,0.662735188515693
0,0.200935932970237,0.136158500368597,0.646042068797829
0,0.667383687322052,0.5605400212179,0.692208040671267
0,0.78668078043482,0.724236168074065,0.648652754764241
0,0.132162720758107,0.0908695528288016,0.624214523355928
0,0.164227567498787,0.110871666769066,0.70777929956378
1,0.919272050121821,0.884974502603222,0.662563859063993
0,0.17770828799985,0.120414228569526,0.671060785722522
0,0.639468709863957,0.538906247032123,0.548771390062547
0,0.039112373057097,0.0266563393961117,0.801385648976662
1,0.639038129299239,0.534530761481549,0.714869645042047
0,0.0671325407237188,0.0432264809923381,0.764791971287336
0,0.0181744501095388,0.0114453788081409,0.701364809906002
0,0.680345498276036,0.571569501764404,0.643173595177924
0,0.232748944928664,0.157705505000455,0.732321148234477
1,0.601535880789347,0.50910240488765,0.715343799081285
0,0.202938439764495,0.139768243025988,0.718718385889806
0,0.037965280333286,0.0238362015540411,0.687433717421494
0,0.867256888308598,0.818301768083359,0.704768604640798
0,0.877708792188548,0.833653316104748,0.613655170408692
0,0.0581980837226436,0.0383111834267814,0.508832738154114
1,0.837903217554982,0.780422011305231,0.641714973245972
1,0.217991939291791,0.14677373812784,0.6310081335119
0,0.747007703126604,0.659631227515854,0.730331007387054
0,0.818804331488891,0.74537001629786,0.719155500765454
0,0.0471654370931889,0.0311768686618861,0.693953173026855
0,0.0222508695509983,0.0138695609434635,0.61496218780611
0,0.242353909490394,0.172794110020948,0.730444446150773
1,0.87588237604658,0.822348613984144,0.818672712584702
0,0.706818220190425,0.611222304310425,0.717647985089497
0,0.0668872901653633,0.0455444259083373,0.678181023612291
0,0.563573129726574,0.466431684082778,0.67967795876645
0,0.0707988839291995,0.0474843851533748,0.606114886051854
0,0.0287987576317905,0.0187457458548786,0.77131298071535
0,0.565974135528892,0.45702940568584,0.782019664840095
0,0.0216032568435825,0.0138263563305351,0.687547166410071
0,0.65402232449538,0.552836628597016,0.639731015905699
1,0.930439037125198,0.902180490488455,0.527930752618484
1,0.929165424516867,0.899877673931973,0.602691097500816
0,0.131848307774608,0.089732679432403,0.625034292319552
0,0.401516018082894,0.302613809752701,0.745399915875206
1,0.872761529796605,0.820970735069994,0.688579555888382
0,0.0222712894089344,0.0143494595108437,0.732113494800716
0,0.807205267055583,0.739918651087599,0.62957253295632
0,0.0405953814092571,0.0254966194647775,0.784942746182565
0,0.590966005418111,0.495067217630116,0.65950304965299
0,0.463209809668047,0.360111841109023,0.731842897240434
0,0.0146160448045766,0.00952069436216192,0.601563265988595
0,0.0371781377444919,0.0250732676740299,0.717120032189148
0,0.135940948929278,0.10065831029176,0.722084314943386
0,0.519853249662532,0.412028244347528,0.722992468610342
0,0.682037803916607,0.581876669222661,0.637762894459112
1,0.781878853694502,0.700398245774515,0.693166904155989
1,0.539008036948499,0.44698252220129,0.599366719920595
1,0.738492242266062,0.654023362390798,0.702243756080999
0,0.443175474593218,0.343167396217365,0.615669868449427
0,0.613814344024462,0.511513232064287,0.603874337257251
0,0.465585989980826,0.374821617858116,0.67714898573463
0,0.0560519558675018,0.0356539198533745,0.684100288074654
0,0.0502310393974496,0.03393463409504,0.612102524771969
1,0.850230420103546,0.795244610751978,0.665375975230507
1,0.76773101899528,0.686391307329002,0.725441663655028
1,0.880922557080631,0.829371629286436,0.727448267921085
0,0.587182429033405,0.487930785210672,0.710361581027677
0,0.876123019574046,0.826360420272575,0.614671579326022
0,0.391922420856531,0.284918128683001,0.738578664342923
1,0.92026136720838,0.887967896035272,0.74435897717337
0,0.714629974274716,0.628536898369773,0.6813971393927
1,0.588009801761763,0.493925217528868,0.689501150876214
0,0.453543925021275,0.360266439082894,0.688552488422455
0,0.42310217427658,0.326984195576005,0.799303896651276
1,0.635597733781835,0.543760592996273,0.702538403860262
0,0.416293236480174,0.307502264588012,0.697643396896134
1,0.888674863167007,0.844133105719731,0.608826772378854
0,0.574375433958126,0.467021152869056,0.691081764976194
0,0.304240791251445,0.224471545073427,0.572325301207055
1,0.649616934282848,0.53971194983349,0.664312745796474
0,0.542418666955043,0.441117788279867,0.701581937993002
0,0.620792576839942,0.528763714165514,0.63709131935655
0,0.145609416393831,0.10606933198834,0.649908011872711
1,0.887966821519552,0.840263462353529,0.706592138173974
0,0.0408810417421888,0.0266413091772723,0.646357017667626
0,0.233480736333018,0.166567085651863,0.675738575942548
0,0.717387035234805,0.620133629395999,0.652366596794604
1,0.793662089071148,0.719996633771775,0.740955083261055
1,0.861694187484085,0.808163389982237,0.59452858699102
0,0.170972821434345,0.118365695452041,0.645022920077786
0,0.0915397631059733,0.0596112900009694,0.756373182416176
0,0.0280262715569376,0.0183838110499852,0.70703583751369
0,0.90318084403336,0.865633748001805,0.822135289834147
0,0.478027893648109,0.378975514639009,0.718883938405734
0,0.739846074413894,0.650805633193708,0.665782465152882
0,0.0374040770672278,0.0244461723521344,0.700247202047194
0,0.0983998170346987,0.0697052522024025,0.805968817641152
0,0.120150840827314,0.0844425086060831,0.650775702091667
1,0.77042378996736,0.690143678397354,0.625583087006399
0,0.118216283846111,0.0776430242881484,0.573132466994408
0,0.601733328687943,0.514439958175925,0.72169792149533
0,0.550894577696722,0.439364281765367,0.653529434296388
0,0.726401747059221,0.623948117176758,0.681828705708493
0,0.230594143495325,0.16894588892915,0.714481493914237
1,0.72895251443794,0.656003600158088,0.769117301774394
0,0.807449377216765,0.731739593191168,0.612040646123454
0,0.885819520849471,0.843325549479869,0.813441295259308
0,0.0108567413504931,0.00684588725937824,0.772168562323284
0,0.445947720722339,0.344424635297677,0.698039831910231
1,0.945458510726095,0.922609556890959,0.645847443639508
0,0.85445258091661,0.800287903721406,0.728469224231337
1,0.330842408722745,0.250462488926487,0.632795741265445
0,0.0111918416579203,0.00716665367634333,0.742088099657377
0,0.218091075285474,0.156830189838155,0.80334834932842
0,0.71365584448783,0.627886797714129,0.67468738878948
1,0.814538927192441,0.755548453022247,0.622365150077773
0,0.307019923365772,0.212439611065504,0.639224727195102
1,0.959850993558882,0.942907549711359,0.744661855962701
1,0.837049620588227,0.771484345858001,0.660066527675539
0,0.848913204946236,0.78792625022583,0.676382008508217
0,0.516458717291746,0.413366234408462,0.712064270790942
0,0.892775051155106,0.848613138011377,0.671173296774673
0,0.885929829568865,0.842006506817121,0.736542641124994
0,0.0707375327700491,0.048650264417243,0.724371958507127
1,0.443703186190875,0.354402071320401,0.704674702674459
0,0.0274933013335657,0.0181420903866688,0.629189648670761
0,0.874601868816974,0.817496407555808,0.689312926124616
0,0.117376402575046,0.0822553537202039,0.733715378736452
0,0.599922270994175,0.499963118829995,0.711571301201967
1,0.830175627459716,0.768128652577891,0.7704635759499
0,0.426666695883201,0.340136055074295,0.801044607635636
1,0.345513804293015,0.256997017802012,0.715819657778044
1,0.948184110369398,0.92834310213545,0.748100308135847
0,0.0167510844535686,0.0106753019733586,0.618451740296013
1,0.426044952315255,0.335040599072364,0.714824457144286
1,0.787187394842796,0.712520448990926,0.804481472446106
0,0.497526677956576,0.402702406239011,0.634079872186558
1,0.737611792444672,0.651122009593227,0.648891453918393
0,0.158714830551354,0.113583949233087,0.699351829113288
0,0.0362915015714011,0.023200768166836,0.834249625374274
1,0.706191547678733,0.611701471965276,0.713652491679132
1,0.844185583665693,0.785424413799239,0.70338152430285
0,0.267974908786257,0.195834282738203,0.777140513039329
0,0.142954876264567,0.0954282471489716,0.660632241978816
0,0.30499907641981,0.208728156444137,0.700366166128313
0,0.325586146542482,0.240480133681344,0.647641065873036
1,0.937882331858596,0.911221103446732,0.535577708072474
0,0.678129465067597,0.577832008715484,0.683018684273049
1,0.84565286164406,0.793319925900876,0.687362893514294
0,0.427610166100492,0.322821525560884,0.74512697755972
0,0.496036817145755,0.39602533708968,0.690115286302325
0,0.467320847268483,0.374183417156359,0.760642312619042
1,0.951216162086948,0.93181491792804,0.707523403151822
1,0.900549395498289,0.861686759060982,0.759370433520583
0,0.54130148854159,0.450950562597035,0.608722337521939
1,0.898633401749705,0.860165089513886,0.547688659026405
0,0.542227011861284,0.431184399272773,0.759112795563327
1,0.894662725703519,0.85116735183899,0.66528533665281
0,0.133494620476767,0.0870615249071238,0.644298609448426
0,0.585648131408879,0.487594510796124,0.5876336993877
1,0.877955787868891,0.822141930749511,0.633017009625525
0,0.543017668759046,0.44472659017364,0.516612324441447
0,0.390278005497959,0.290780280006841,0.681614476861453
1,0.894183492243234,0.84603860818683,0.680507386397453
1,0.707407809676026,0.618628906570292,0.768646437766733
1,0.820691076731806,0.745632154187629,0.69745295248643
1,0.709871168673586,0.614477824297343,0.712068000625399
0,0.745939427472204,0.666881092529981,0.694967410505896
0,0.878592540441095,0.828425696133062,0.806010649576216
1,0.911296696933164,0.875907803758618,0.659432095368621
1,0.827205117450108,0.762273355371562,0.636578282680647
0,0.0159702333681928,0.0101782169761595,0.732643945336465
0,0.844562385119433,0.785341852899061,0.789827326625016
1,0.451811354323411,0.363052525066081,0.674330271423655
1,0.90876805080182,0.86849809088344,0.572980311229631
0,0.0662878534439121,0.0434322266366598,0.558749759956488
1,0.203232298810392,0.147696903549836,0.727856697419607
0,0.701796599990226,0.617969840940123,0.741414669741309
0,0.438214399479928,0.343827639328036,0.673745823686028
1,0.82645993829185,0.757960485299689,0.689453279663474
0,0.0546823072668897,0.0379289151756832,0.808392016009212
0,0.0821124663493876,0.0521771037131889,0.69935754804321
1,0.825456192220775,0.756096448157938,0.744305164042056
0,0.675336869653002,0.588234479304343,0.704100225695365
0,0.393759445121862,0.307535515227901,0.551222463405692
1,0.907142033104402,0.86636045607575,0.71494287388671
1,0.87155195366121,0.825012972119222,0.695855291031714
0,0.549502836028008,0.452496724427956,0.629801860558327
0,0.829981575146007,0.759307849391043,0.756625904618766
0,0.0327648212952401,0.0210577526432285,0.743613559801478
0,0.721317858307986,0.638299198339969,0.648548570951924
0,0.382825456140824,0.281152998489889,0.6988146305656
1,0.912768180802003,0.876711015230457,0.620281926486301
1,0.913928435967035,0.877667213219443,0.716280934307456
0,0.397958811966142,0.312592068461535,0.675846994695436
0,0.763613334350108,0.679685630022856,0.58130525588113
0,0.87352840582326,0.826185074424329,0.757902980346441
0,0.188403565271859,0.129565394330899,0.705859804345698
1,0.726122140019809,0.639984959731736,0.664446124005943
0,0.32549542505137,0.241014595839217,0.683364253534099
0,0.933295068474125,0.902375315892791,0.768238196371153
0,0.0973117108900717,0.0675695210321954,0.791687231811526
1,0.905205561231926,0.862820288462655,0.693179387608878
0,0.575090110193478,0.462017426003968,0.683906375615865
0,0.326961856025745,0.245365102520838,0.705882082224123
0,0.458277623357364,0.358540403721784,0.716308655555974
0,0.0563521974087422,0.0379472887728878,0.591392963472063
0,0.423098924067096,0.3155649078056,0.668064409064676
0,0.554749451332845,0.439028358874596,0.709026027932293
1,0.929406967619044,0.898528185155341,0.59907727650207
0,0.599228007169323,0.492830711912124,0.691613364303667
0,0.917427001046716,0.885163958393574,0.676442278240021
1,0.890931154169852,0.846428855519435,0.648110475991119
0,0.758747869719965,0.672344607975062,0.636247999653059
1,0.801479951361752,0.733088825402421,0.632343149654323
0,0.910929260663566,0.871337370764535,0.691608975951543
0,0.0164105898293935,0.0107069212178097,0.747262855890627
0,0.254675632535242,0.175617216444016,0.751876645499045
0,0.914358310288757,0.879327084086795,0.721103729361917
0,0.670404187009424,0.578905034358892,0.699277040118957
1,0.884207626940607,0.836015637552887,0.733796762316762
1,0.501986835664398,0.401224045005478,0.733175253926195
1,0.911023488868244,0.872589297398682,0.547362945013563
0,0.392328559674522,0.306168115724596,0.632786471219769
0,0.176801435059544,0.123508434979943,0.541171145992071
0,0.0656665032935343,0.04434317837813,0.726982480173248
0,0.905532921045701,0.866092293265598,0.604110152896292
0,0.448667721749611,0.350378689385286,0.705074923011765
0,0.248727976198325,0.186004621545054,0.761356002909166
0,0.283378368339376,0.202341877768557,0.638897314774944
0,0.0402215807098029,0.0254830669775973,0.659533537383624
0,0.0899681116204336,0.0555051410726912,0.655220904839884
1,0.595192519207539,0.488761420087327,0.696331867263618
0,0.380723864525788,0.292273903251726,0.601284780440878
0,0.0804724467526993,0.0545291353430559,0.63068565429341
0,0.339334205952909,0.245030953633653,0.702073490510325
0,0.0174060373347873,0.0113347351560257,0.726586126109011
1,0.851617359749771,0.795554682131287,0.625934121119615
0,0.917602632807972,0.886081983225042,0.640829029358236
0,0.711527113392023,0.621899881971893,0.689664530129777
0,0.286521519659175,0.215421787799751,0.690760167812111
0,0.0216054717697258,0.014139916236996,0.70818933235939
0,0.362115850787895,0.261613233986173,0.755677908541138
1,0.708182381630659,0.618659297216807,0.634562958636684
0,0.0821217531201352,0.0556387173018754,0.74947127816076
0,0.819441938571836,0.754421811521957,0.64917722865067
0,0.752740339628595,0.678825786801078,0.715895333777587
1,0.91732846379787,0.885266097540104,0.680910074895135
1,0.209700885707282,0.141526495558392,0.707006118692153
0,0.0396428632591767,0.0269476219670725,0.783483233288854
0,0.0741154643063626,0.0492502606077251,0.687351032406726
0,0.148415348843999,0.101947525977915,0.574443671498149
0,0.0264430409471068,0.016797605457767,0.542936629562358
0,0.485471798308587,0.393926630880068,0.629892435952183
0,0.631612691020739,0.526588142362861,0.416343850876788
0,0.703516913426147,0.620050964620041,0.765777026051084
1,0.939868198193144,0.915202544182856,0.657549591452081
0,0.594295799401656,0.495229503196709,0.807159661990159
0,0.610573534592676,0.515320111941798,0.769555918240667
0,0.600815119223164,0.493525914981762,0.576380075958195
0,0.0662364847705219,0.0419030731924526,0.675629024891883
1,0.935768249958972,0.909562558392645,0.716726521850697
0,0.583652798202313,0.484460177592993,0.731397512642138
0,0.0914043329086967,0.0606911884262646,0.766118898490129
0,0.403369434623237,0.311999640056708,0.601712864431795
0,0.0628875281605488,0.040886874718576,0.712345608097386
0,0.317508302644712,0.230178610125063,0.677449478120994
0,0.197201504263097,0.140461252469236,0.765687676717157
1,0.821242832669608,0.752252722814633,0.642825032605254
0,0.115722535369009,0.0796730784148979,0.726875001993274
0,0.291194479712046,0.207348943467487,0.711876559645791
0,0.526725757003239,0.433644235966141,0.748607914446566
0,0.115167686556419,0.0789470943446799,0.550065669950335
1,0.858806364855679,0.804691062934611,0.632533880972193
0,0.524811009947491,0.417670640548423,0.676570841720612
1,0.937323980382875,0.911883248134297,0.705114660140462
0,0.888005404357639,0.842241089115373,0.661983813618142
0,0.869646848510418,0.81524335247482,0.750049433143341
0,0.856519964190957,0.79617374615608,0.696503757530242
0,0.625479522830037,0.524274989589768,0.692079539986566
0,0.716238170484263,0.616171368014739,0.643119697051271
0,0.291766363126706,0.221342631876689,0.715359507820854
1,0.821599845589453,0.751301907284352,0.567683766491934
0,0.0430287716607535,0.0290682669291777,0.699531336296253
0,0.543829152907109,0.441961858123184,0.744664861789117
1,0.839366479725097,0.770842496718925,0.689794423097885
1,0.136108783654962,0.0927550756941319,0.674292918527084
0,0.0863452855731869,0.0575610093014535,0.608748604595409
1,0.763093953688731,0.689069192402896,0.713840452310799
1,0.909240622262262,0.870309183720342,0.69592834664402
0,0.873980396053296,0.817680348086553,0.698679040721736
1,0.54793276260243,0.448040049527267,0.685931857209676
1,0.62670085942419,0.536056051438742,0.664073824106293
1,0.857533167303562,0.803216467422895,0.630520189853616
0,0.874905698141341,0.818624704739669,0.62755584894256
1,0.875735329028433,0.829178929986919,0.658976343761358
1,0.712496592163365,0.61711183126683,0.569875153223944
0,0.166128138926209,0.114222213244421,0.672465727271542
0,0.152295902884787,0.107568387116329,0.638611870896108
0,0.671849456636206,0.584768989279208,0.708055527267031
0,0.0164636964334559,0.0106423901000905,0.594741476411165
0,0.774022651834705,0.691444127875527,0.703466201849321
1,0.916178211368693,0.885188798817176,0.732643121321336
0,0.489853574469214,0.38468013283125,0.699137895504358
0,0.884306711126163,0.835100956866041,0.597505795688491
0,0.0278507498231392,0.0190404730665095,0.684571934132721
0,0.0166491354297607,0.0106888484246286,0.454902619438925
0,0.749934999401053,0.666204371853283,0.611774503101833
0,0.311077970940933,0.223732710782693,0.71930279756947
1,0.865016240276489,0.81128987944214,0.767177760864
1,0.75205779107554,0.662046113168305,0.618156266423434
1,0.783481985293964,0.708055748605849,0.574438970562729
0,0.370337370491329,0.277490558613159,0.676891139087608
0,0.179002471993026,0.128141077854163,0.650671422210472
0,0.0636623208844513,0.0437792316066486,0.830449255756447
0,0.0349628430195357,0.023712740769945,0.681778871724841
1,0.890829490726757,0.844994801879801,0.839757868117608
0,0.0957141976728677,0.0636145218601125,0.527301818275317
1,0.9228793546456,0.892359760900737,0.653820180306639
1,0.377769285861485,0.289682618953744,0.782731371164349
1,0.748832720093789,0.67402190108567,0.713596624882153
0,0.0951562704100569,0.0621128155069875,0.762181556983757
1,0.383473775679799,0.296943664944006,0.799506055923095
0,0.0189124260356914,0.012559393655137,0.626532481022296
0,0.325139006313237,0.239036128338504,0.680123560480669
1,0.734160050148175,0.660283162976017,0.748097031768694
0,0.876610021340293,0.829267478644211,0.610626273641803
0,0.548381483378311,0.432081307722584,0.708660102244412
0,0.220662915283787,0.161908769387272,0.796730096363867
0,0.665334360619625,0.561280338074359,0.646630296951464
0,0.713837179170893,0.626251522521007,0.650396864193096
0,0.0419645862423162,0.0259966082194277,0.572263531524551
1,0.894028742493774,0.857000043968022,0.594895066078677
0,0.343869937754566,0.258751939285053,0.746355199080091
1,0.797222126329731,0.727926892592133,0.606790456002875
0,0.0193208318105942,0.0125465851513718,0.721159373988161
0,0.255395418454456,0.188937037523665,0.614657020281404
0,0.645193949300868,0.541643968562481,0.697087730359102
0,0.456106669011497,0.356585919535689,0.656795650519118
0,0.304564789381656,0.214270720628552,0.741542379416383
0,0.643299056661895,0.558102648034948,0.752054740770015
0,0.641273126420447,0.540818023204126,0.667822157088263
0,0.013705361271562,0.0087846200766292,0.655939221622802
0,0.128199974575865,0.0918666221674697,0.759981441485883
0,0.565917433268888,0.465651884666135,0.64286019727725
0,0.5316915064398,0.432309023342262,0.64836661284087
0,0.858047082328943,0.79273712895664,0.745471932023109
0,0.0469395589940491,0.0304752497513793,0.718208539846954
1,0.926871253807286,0.896560572524887,0.735844705941797
1,0.920869230993702,0.885628007258063,0.659227258249555
0,0.228985140051941,0.155600396059623,0.681590874408722
0,0.244973831647806,0.17403418775932,0.749193645649713
0,0.210541037929126,0.151591851015492,0.665080951123663
0,0.482302673302318,0.366524695351738,0.679083616314353
1,0.904137502084405,0.865985173170067,0.733513415046121
1,0.550359133452521,0.43731921301608,0.70341573212642
0,0.0796309215662759,0.0499840878887899,0.542539467896003
0,0.349988521520582,0.257996450519228,0.676859968356278
0,0.0522319023959909,0.0334225906723107,0.634645138331539
0,0.76144968296136,0.691114570521674,0.678410121289209
0,0.872574896944536,0.821388876518875,0.546204077404476
0,0.813959903899255,0.734214221035927,0.682585936038656
0,0.052416904677776,0.033491354026328,0.708621685186584
1,0.44499394170241,0.346797490734936,0.686394290695566
1,0.593437785772979,0.490836268813601,0.651013769228445
0,0.0660635435887104,0.0462063165214987,0.648494912264622
1,0.839629493947929,0.782455252706047,0.644276533253184
0,0.113322844013195,0.0818083572717325,0.66286290033355
0,0.454884212174626,0.349875102848327,0.628931839636833
0,0.0725282996758419,0.0475567876045149,0.680192162511979
1,0.818122741653462,0.746144951842011,0.667135862328729
1,0.879562808842019,0.83024551008147,0.718357742582811
1,0.916616294159943,0.881032241485124,0.782108213730334
0,0.0715186509808218,0.0485419202496918,0.662498192997325
0,0.552447837245311,0.459488190926365,0.731097165253115
0,0.328357617343047,0.243206551485973,0.573772792205647
0,0.0125472341425635,0.00803758206260485,0.57797795374008
0,0.516282250583932,0.418041405640077,0.760325695720989
0,0.213199792137388,0.149844848137126,0.788641137602781
0,0.00986497046024918,0.00600980961033781,0.762645155038165
0,0.0308018128647355,0.0194552849934199,0.759317397302397
0,0.332583880819057,0.233167346147512,0.735512516284776
1,0.856033076497599,0.800394112876752,0.744813750363963
0,0.0672851585292305,0.0440609810276002,0.656179413024373
0,0.854733056439508,0.792987406780953,0.77317896642838
1,0.717217842614635,0.631758523939645,0.660420277493377
0,0.152244045927442,0.0996887567559015,0.687228634565366
1,0.868775202890947,0.815511737470614,0.710074913474358
0,0.368869524291004,0.271078273224356,0.666075179352193
0,0.0365278478734528,0.0238341910980319,0.745994836120038
1,0.887818994634765,0.839453775459212,0.730764356653161
0,0.856776872061653,0.800986307132595,0.757853863633856
0,0.498916129675005,0.401749739105025,0.685512453211523
0,0.562370902442693,0.459723224994097,0.672608147691258
0,0.192219060458333,0.13871240357809,0.773497805120132
1,0.898007179839343,0.860677489812502,0.704207455125711
0,0.512041541623206,0.415059598626827,0.658972492928798
0,0.320193929632959,0.237137909275091,0.650373309227001
1,0.856082712581662,0.798722576081749,0.637215268537764
1,0.865175915675516,0.81545756025396,0.714431245681404
0,0.466948635249841,0.365011220493825,0.742240934341601
0,0.106663195535109,0.0744030379482428,0.810509846764967
0,0.871213953882165,0.822079185182753,0.60359665058499
0,0.548672345625836,0.461227513069328,0.703441497677542
0,0.614383619021643,0.507853713150509,0.592947551311232
0,0.180541591265687,0.126700508389082,0.661788813467729
0,0.532722585406336,0.424665905925583,0.663583404585544
0,0.79660739764786,0.731301250484228,0.576836846240145
0,0.30687968408205,0.235497854518905,0.688003462917944
0,0.76174862487726,0.684665594702487,0.756685782911302
0,0.0781945556954392,0.0541112629398124,0.676220461170383
0,0.0818131534795437,0.0543553396994259,0.817465548133478
1,0.812389643075894,0.745343116385785,0.73219070411586
0,0.513663972539422,0.42067494224333,0.526698600822824
0,0.715256863539963,0.620444737115306,0.727267053100859
0,0.15216431243511,0.104661481426143,0.834740429154343
0,0.0804927284786484,0.0536564210415457,0.811054205599678
0,0.0323940156616828,0.0215297324472556,0.679207671255317
0,0.219186040492834,0.151715267914788,0.678895171836151
0,0.236021453966514,0.165168140649863,0.647582523713755
0,0.221496748885596,0.15846626051496,0.751426746720322
1,0.879284057173689,0.826349545300591,0.686715574038862
1,0.448880080717979,0.358563091254979,0.673793999684799
1,0.585227747065693,0.479739132950981,0.76107162798009
0,0.539082345783637,0.449977043300982,0.749722829567462
0,0.57275741390089,0.481613930925685,0.704473666860441
1,0.899384797334901,0.861105955752236,0.712010507608402
0,0.801595893850924,0.735094536616822,0.521849874859854
0,0.791088557942683,0.719964157081994,0.643460388324019
0,0.0724484016530865,0.0460559959531867,0.698290137101885
1,0.867095873737103,0.81235140465104,0.605681920920932
0,0.423888035221246,0.312840697405377,0.776804662293933
0,0.250635848371036,0.184356515222478,0.716494664468651
0,0.700221135656617,0.60438924867796,0.641076304135774
0,0.108603232507482,0.0689142300657792,0.721028582951503
0,0.0554961061619573,0.0366047573990071,0.716803248781694
0,0.565273151126452,0.467879888316638,0.61688530090935
0,0.026528416921179,0.0172529750533263,0.672273644983446
0,0.441769505186754,0.349473360541254,0.724298294522485
0,0.38947573777301,0.306180220928865,0.630695155677302
1,0.806666400293323,0.736078353420762,0.733516238140229
0,0.326681041034948,0.235182453330371,0.675256456537201
0,0.747028984807748,0.664883900439577,0.684674946984119
0,0.389861473516471,0.306054819435795,0.598194963419131
1,0.924975959663773,0.891276963763001,0.728062624898544
0,0.0484346687908215,0.0312519705277731,0.669034325095303
0,0.807598775979274,0.735149175038494,0.710552159519791
1,0.929531192400485,0.901605066628805,0.773922286685153
0,0.785981328397569,0.702959719511021,0.725773236231361
0,0.410796107863821,0.309923643771297,0.665366270239286
1,0.540865240668219,0.44398363015453,0.640661465150935
0,0.590670766183581,0.491155774841352,0.625110710488103
0,0.505330200363121,0.406859489713277,0.711063241648798
0,0.311162374761754,0.225250717336591,0.645886900172271
0,0.397705325580625,0.306226729994303,0.712014782356488
0,0.355618346125062,0.275640799324203,0.739217788372827
0,0.010722626111783,0.00681789974917471,0.637712084617712
0,0.61080158325415,0.503148733436325,0.568342449373338
1,0.824929014760469,0.752941165241003,0.546482043348743
0,0.178397991561975,0.120088279626795,0.733805588712645
0,0.134785715602834,0.0884448883549201,0.805827402975701
1,0.918712738175854,0.886105040263003,0.695347140072621
0,0.770039424701194,0.687356517666093,0.741661324157027
0,0.499063445712919,0.394736803818841,0.601715805519438
0,0.753143850466278,0.662142391852639,0.763760597377911
1,0.811288390638108,0.749170007540906,0.613128014250475
1,0.249927185035201,0.179206783792905,0.735446459086646
0,0.596110249380729,0.497306165932824,0.557284068556021
1,0.687125113903396,0.589029854065924,0.659339516039288
1,0.888445325964247,0.851103606250415,0.710355914262851
0,0.843512031578664,0.78122833863043,0.751465360969382
0,0.0412915254524311,0.0258306198666074,0.632433948850649
0,0.207998036837605,0.150247340422688,0.637316112300952
0,0.180823088913618,0.127081812225709,0.753654436505527
0,0.0319204310569878,0.0201795950512681,0.673952487299175
0,0.0365293012804563,0.0235525589117548,0.780708017591544
1,0.851730444330683,0.787304943458978,0.711872598165735
0,0.793466119054328,0.714668430043481,0.652969621411215
1,0.75675718525774,0.668517118279008,0.58283525926687
1,0.879454485460159,0.832347670153287,0.664662408724314
0,0.364839273676963,0.2831036253328,0.709394704004019
0,0.294750981110894,0.212066395269584,0.686916856480828
1,0.846548572455239,0.783376476473293,0.771621031196206
0,0.0323110948046026,0.020847464228437,0.657538062719919
0,0.0561850524385541,0.0360326034146893,0.672288108846011
0,0.396039634417435,0.300474468223354,0.706379313562706
0,0.212240426931225,0.150265314287972,0.722810570592106
0,0.0398413917164709,0.0263364057346136,0.725774059260874
0,0.742778371095769,0.659261602633969,0.560365993892255
0,0.867934737237122,0.81487327863384,0.65302227934881
1,0.651231385002575,0.552559266932848,0.790379448097302
1,0.212150930980158,0.147570972757173,0.576257904237565
0,0.0185303469202405,0.011785632997284,0.632101287735412
0,0.0475340183348105,0.0309173653764119,0.702925931154871
1,0.929290400003919,0.899022364542394,0.655127972318984
0,0.282895729425185,0.213247150922915,0.704464300390965
0,0.0333304673172692,0.0215239626618896,0.823399056035172
0,0.154771162216421,0.105499275453247,0.743471954949947
1,0.709694177815814,0.623081306777891,0.809994480525364
0,0.413626482144858,0.31965896346368,0.711395922419492
0,0.718859172558615,0.626387998525217,0.624315002102641
0,0.755009689816123,0.675368419112319,0.743197331441777
0,0.0229008963753254,0.0151481450796095,0.796530427877208
0,0.927436236147671,0.897506382019422,0.784368071306999
0,0.289835129893455,0.208653988508369,0.616610088184838
1,0.56230580528643,0.457528999626796,0.725555956580235
0,0.613920384387544,0.506561318632904,0.689578819674426
0,0.135837598518374,0.0945498336301735,0.818426913598878
1,0.860736735699804,0.805463812592228,0.701034355498242
1,0.790300860243334,0.712202617868524,0.750301692724605
0,0.26553773761934,0.183871113377133,0.526024594645807
0,0.146986949963637,0.103272672614395,0.744132319035289
0,0.0703240186467491,0.0465551073483116,0.579071326203307
0,0.0336683410997969,0.0218078806920984,0.74729583969115
0,0.747278485745662,0.670787148300508,0.662652954945492
1,0.744516076843893,0.668341312394362,0.677794028329548
0,0.0286373904715483,0.018495090682669,0.648399752263407
0,0.462492711756348,0.365866021412323,0.634245337382757
1,0.491678847584159,0.386821694540638,0.529290129701603
0,0.492942140868864,0.390597073504027,0.69502720214969
0,0.322488302586746,0.2362280682628,0.61661608283085
1,0.204892476560102,0.146045907954011,0.623575524066125
0,0.86049562692635,0.807594633003702,0.638962854255847
0,0.530329805811725,0.428392808183453,0.71601104902691
0,0.931714282226377,0.9007453763264,0.712357827325999
1,0.853287297268632,0.795975485374078,0.61073294255281
1,0.344084551611496,0.24832294380944,0.69852165340497
0,0.0490251856372229,0.030118879453233,0.691231653758027
0,0.162256138310855,0.116075242020381,0.661636263500255
0,0.827228238950906,0.759600084267721,0.759805375652104
1,0.847527628710922,0.787953366744173,0.704553623830778
0,0.339943310360279,0.257711380550937,0.78938485481658
1,0.635100424579929,0.541404299946784,0.729220987631448
0,0.368122271862289,0.280958180949974,0.568189750215606
1,0.927567147557921,0.898903306467917,0.782666207568943
0,0.244165045362711,0.171655440284999,0.702492338270592
0,0.835759301143426,0.777326288145108,0.732016151558097
1,0.807976285267178,0.738630449024893,0.669353774123794
0,0.603922388318629,0.4960244367584,0.715697801930713
0,0.0126048559961389,0.0078172906663307,0.803185140179031
0,0.474679372702881,0.377668174821072,0.608418662314
0,0.0825409678086117,0.0556162228788547,0.764305011598888
1,0.912260252405515,0.874937804283558,0.655304883831927
0,0.0525860121294468,0.0348438872935066,0.719603071801705
0,0.121235535431557,0.0794290528977813,0.791319566192814
0,0.171899157780011,0.124602549240806,0.559658510635386
0,0.839484448143664,0.782588218650952,0.56819913751969
1,0.928561467400322,0.895586738596873,0.726937811627186
0,0.0165138984858929,0.0105467763506736,0.696230859921922
0,0.024319245239308,0.0153566180785563,0.665967142546317
0,0.71529596841923,0.628610759318755,0.687013241392609
0,0.708369533335631,0.613656247175935,0.605329715114553
0,0.3547535623747,0.26569163609773,0.789584840905924
0,0.883967427122366,0.841937626632574,0.669158373376077
0,0.611159397472269,0.506185495329076,0.532330129143789
0,0.0801203114584097,0.0526967339766656,0.783205707808361
0,0.0240403787219535,0.0152471319810218,0.76488475109505
0,0.0571191703198996,0.0372693818773512,0.792040222028275
0,0.135771784443044,0.0932934211241571,0.76510633778109
0,0.0405960405163992,0.0265444452026035,0.742588094993758
1,0.957829214777166,0.94086671834301,0.729463464884931
0,0.645092701476643,0.534724191863538,0.736445582633494
0,0.574036612247112,0.463775730743218,0.702145268707337
0,0.0948442227373789,0.061051454467225,0.680404193733519
0,0.724223556082772,0.62977438595091,0.59960793188801
0,0.0228223336800049,0.0150338140093904,0.671817249834815
1,0.872300565298845,0.817602072842839,0.825172658094752
1,0.660776641094105,0.560455440250323,0.689120395264276
0,0.372388936130279,0.274711693559191,0.689859697077879
0,0.478163759425428,0.390190688358045,0.618679189573515
1,0.556384100155782,0.458187102621073,0.705189945285471
0,0.803671560828082,0.728841220657139,0.720217086811978
1,0.851943872535967,0.78926580889386,0.822982547280345
1,0.84151228228816,0.780189939634867,0.608971598594589
1,0.914704849512816,0.878551072193709,0.794230618986454
1,0.897323360270098,0.855926020672475,0.617716719540271
0,0.55324163019069,0.455252970415713,0.713942923676369
0,0.353453470198587,0.251830751931134,0.788259743189603
1,0.903955000637242,0.866297655027074,0.649516504450836
0,0.336695597468451,0.254279596102952,0.672062964186057
0,0.0783174816440158,0.0491491058013842,0.723177391521204
0,0.809996573399135,0.736222114787429,0.77431168030143
1,0.665700958631284,0.574173032397352,0.806647500911902
0,0.0494730726360138,0.0331928342772582,0.584800376740521
0,0.751128757280277,0.660883235238448,0.792785152051823
0,0.0351095157862382,0.0236039424153908,0.656755127002034
0,0.756292825079653,0.674430376305018,0.677493379972957
0,0.235486342133697,0.160555551072852,0.758673390650813
0,0.0736330334861435,0.0473573495335226,0.626662962968019
0,0.0300905268621353,0.0185662956066218,0.645698494076869
0,0.384735421924206,0.286995206561808,0.757996473017616
0,0.785889302074997,0.705097264628715,0.826748915685893
1,0.234450569790625,0.164629340379473,0.697169305815954
1,0.797253147318982,0.729136768639863,0.733524477292777
0,0.164376244883883,0.114536732102968,0.635022457039103
1,0.893293928759912,0.858463327323453,0.762494842325887
1,0.916655030023088,0.881063325809313,0.75302816665633
0,0.0792605470181203,0.0553441773308408,0.606366683602426
1,0.809486500376985,0.742282011713427,0.580439206223726
1,0.523349439046753,0.429524427940631,0.472258851268931
0,0.896579417276217,0.852617725210898,0.792407522862998
0,0.13713950265795,0.0875925303562654,0.732394916181622
0,0.267858392123238,0.194456573909436,0.66454385129904
0,0.794578323957108,0.72324847620259,0.760677678566626
0,0.599938619253862,0.507849169609937,0.692751934753191
0,0.694818418188235,0.609219605068321,0.690916139451931
0,0.0245112604573889,0.0157859746004984,0.736730033723783
0,0.0818581912119043,0.0540719406870279,0.665141535017692
1,0.8673065136049,0.813231380463216,0.557264029959298
1,0.915510581996533,0.879264038438101,0.596172208675537
0,0.166779306989754,0.114260293589948,0.595603545994945
0,0.416059870168061,0.327477677783581,0.602637550941207
0,0.818037997068065,0.747702492394524,0.670248511468607
0,0.470994679345044,0.367839757391732,0.650537192584271
1,0.65175130310025,0.547233148927942,0.633180437858214
1,0.912383503055363,0.873971478852167,0.619206184104991
0,0.325681167068784,0.232618211069112,0.744637480134544
0,0.347102809859491,0.254604760713041,0.748269411466667
0,0.789211647316038,0.711058406662762,0.780940920012131
1,0.750009624284914,0.665600106278921,0.649906141453051
1,0.93233278360698,0.903944869239531,0.679284052356457
0,0.887286292429031,0.842786807052292,0.808223201296697
0,0.046106899030894,0.030347677456129,0.739318323278234
1,0.794996903898012,0.717434146920185,0.84684655000472
0,0.471401687432205,0.374525963527712,0.70886998130049
1,0.90827241759334,0.871292993846626,0.748518807919195
1,0.864505115915982,0.811180461860735,0.635893900677226
1,0.82848064332644,0.76375096500636,0.737060654074222
1,0.787033894336906,0.70785084820936,0.539447607138509
0,0.637708987963123,0.525902447239139,0.77877575841773
0,0.523946027095511,0.425990390422134,0.708217668892764
0,0.917066502433161,0.884615303648402,0.731392094636547
1,0.793307937618267,0.724864313052794,0.739432663340663
0,0.792804045723681,0.721281693589069,0.602459595731388
0,0.888995277244071,0.844087372174373,0.793334536971728
0,0.888433481491549,0.842905279157992,0.824546185119925
0,0.694257927182384,0.589064333885578,0.791261893047632
1,0.83039370137928,0.77016028801673,0.683570052388952
0,0.728873028128545,0.63830617048507,0.736860149425982
1,0.894225656085627,0.850476292445695,0.685480785334705
0,0.806377881202545,0.732568171071669,0.637525355888318
1,0.056108118373741,0.0367812812896735,0.596269493041147
0,0.181856994403547,0.132693185943665,0.536989133178653
0,0.787356109361266,0.712253772395342,0.690671757906782
0,0.93922480477512,0.914836942493293,0.754034009328596
0,0.0208276129849143,0.0132384100371676,0.737315784643122
0,0.181623353907255,0.120791161518889,0.655947074658462
1,0.936651095268271,0.908729606955106,0.717681796099754
0,0.0474809251391708,0.0300517525599507,0.633589445923392
0,0.827359041292965,0.76766268103264,0.524786809492565
0,0.608673790259293,0.503450528175967,0.729738844718397
0,0.599890598587509,0.497558148478726,0.653954044734579
0,0.163723958301998,0.114989473545372,0.588223770965446
1,0.506736548702659,0.411878714251915,0.779610438871298
0,0.399244309103078,0.30871479281176,0.669548078112487
0,0.856657847805186,0.795436289408379,0.710317696927341
0,0.729421089975556,0.636549216275448,0.695285406174
0,0.681213996037009,0.584497681794335,0.671156770700697
1,0.903976238396837,0.868052041005216,0.659249748280065
1,0.932447984921914,0.904698479889792,0.641899227163518
1,0.881048482182468,0.831833797984976,0.591673089104472
0,0.180623991207738,0.128146089355698,0.601787793873057
0,0.647894665784292,0.535906543886294,0.675537455945738
1,0.889821844154802,0.845689740789335,0.733249865536316
0,0.0117780143946948,0.0074179366210975,0.723462243437148
1,0.809163799442411,0.743069203513295,0.671199601289767
0,0.229749185410208,0.164428384674125,0.543472277809525
1,0.929689067744299,0.897711458658388,0.714753912573252
0,0.3148469648514,0.234197865438978,0.784011044937401
1,0.500703913653101,0.403914781745434,0.617475119546233
1,0.881896609277065,0.832822435158449,0.613819583595413
0,0.142115484382218,0.0945890211524535,0.591953210510709
0,0.171846769158987,0.117386584519747,0.75801504031175
0,0.364131588678518,0.274456617986746,0.787876369303169
0,0.0738544621673089,0.0475343820889136,0.664265293645304
0,0.812132740279585,0.73532843917763,0.769390019507155
0,0.225715567288356,0.156301981842906,0.762454699819594
1,0.746489029638766,0.670717661389572,0.767361903633848
0,0.318868326462008,0.225733064937446,0.646695686240755
1,0.889800318201798,0.841203616530521,0.723792931745554
0,0.645273119672823,0.534186655377828,0.507080747606334
0,0.101617596420742,0.068263207823635,0.734496947934569
0,0.239842700083462,0.160667045507899,0.590202632532887
0,0.729695492750527,0.639444835133867,0.723654430798587
0,0.110425292701925,0.0725888575330596,0.498257279926946
0,0.213972383326727,0.153758798084907,0.807841207031002
0,0.0239927801273343,0.0159315868014386,0.615173399667645
0,0.523434482479912,0.421884701138558,0.786397725879414
0,0.144930473081202,0.107006811356751,0.655952859961283
0,0.0723871120197289,0.0463560151220827,0.651553186201257
0,0.127825681596073,0.089356645686315,0.760811528786518
0,0.352480496521262,0.262647172073578,0.529938277944894
0,0.812840881385833,0.740483060629864,0.690235767143456
0,0.638614995906086,0.53830385049057,0.71758934569644
0,0.699206220984269,0.597655513079914,0.706513000489799
0,0.0252522842908333,0.0159667096349919,0.750970327008181
1,0.855735216479074,0.803724317479574,0.601484767089844
0,0.701986314233805,0.608919868894183,0.642276160076543
1,0.555402098568139,0.446140232921437,0.717932370387111
0,0.188913330020755,0.134079040519202,0.630632164538928
1,0.870510315107807,0.820462540329537,0.705934850204934
0,0.463569591171199,0.342930345260282,0.697981633085681
0,0.593250518224183,0.496258282575058,0.687712116826585
0,0.744420340974203,0.659075290684913,0.794918232284742
1,0.549220237650418,0.441802258924907,0.734820273469052
0,0.025758304114581,0.0171397332820616,0.664013662679093
1,0.872785621544933,0.823265101441011,0.676929804790127
0,0.14485577058421,0.102840199121818,0.662088212966347
0,0.786646841388653,0.718231200096735,0.751904622778899
0,0.532545704888173,0.42646293963127,0.706089682760609
0,0.49321855762305,0.392281337951496,0.69864601436821
0,0.695781957702614,0.604092302679055,0.643623822258637
0,0.521272726602783,0.427110734395647,0.704984589312119
0,0.0588629286930615,0.0366139271305219,0.749371143162405
1,0.687333069317076,0.599540580808106,0.681098627700955
1,0.241545014058834,0.170594392326244,0.609954405732815
1,0.703521344736425,0.606719965455634,0.712245451562931
0,0.231507062322559,0.159503896973884,0.678663950643772
0,0.0975054154261452,0.064510043750887,0.59360583566249
1,0.158515056773301,0.106328639722211,0.746004948009091
1,0.937308645291333,0.909226835327665,0.77471121620316
0,0.324664369525326,0.242568203379387,0.748371278658118
1,0.914082097880752,0.879366014800218,0.645543548721087
0,0.0303982558418128,0.0206531860297774,0.689508791584963
1,0.0653209883513819,0.0445098718893154,0.694653773188325
0,0.270291538461292,0.197208696026707,0.749906513182282
0,0.276599078591086,0.200589091201785,0.637787030708343
0,0.547833241890503,0.449137413028132,0.656314563768602
1,0.566676010651679,0.466995314487502,0.620468495536088
0,0.333985773161887,0.247414090139565,0.796768696523457
0,0.0509769071700627,0.0316409630153811,0.48960925045305
0,0.0858609258371576,0.0551474046004106,0.726798113678615
0,0.287071107715393,0.216023791118936,0.745830621311759
0,0.0497642849946584,0.0338352315438517,0.76627099142896
0,0.0490670387380573,0.0325249785046616,0.585817647944386
0,0.61344381915663,0.52091067675683,0.737183740498181
0,0.0202710921261996,0.0134741273723211,0.755769443235482
0,0.0380259916352677,0.0243647082367093,0.834811574503578
0,0.257160469933551,0.187600454422101,0.649856161118443
0,0.191849106781777,0.134532527104474,0.801862959339471
0,0.656721093474885,0.552454904648102,0.689965952191262
1,0.85770903205762,0.80441089524024,0.700126258202992
0,0.232970195821142,0.161981269215143,0.698689381792278
0,0.539554202919366,0.439659505105771,0.789789135227987
0,0.155599355645978,0.113632583952368,0.584487211458644
0,0.442676824321532,0.353204599217771,0.72643365184197
1,0.771383767621389,0.69891838574554,0.579525163422546
0,0.137213983993073,0.0889747894145551,0.663103022161069
0,0.431577868286927,0.333144322442255,0.755067040271862
0,0.483441196480168,0.388811942144189,0.674412110671876
0,0.477996094474741,0.371043634615473,0.66618643564561
0,0.192858490809739,0.139807039178929,0.787799412020422
0,0.145480825167351,0.093758453827652,0.777731632363867
0,0.0764754484245763,0.0478055210353373,0.68383767700586
0,0.788321687963276,0.712743833556516,0.524153381137657
1,0.578362821527205,0.472147459848892,0.807333655535057
0,0.647636633507551,0.550837590470883,0.772125397172399
0,0.709189895928352,0.62820246131565,0.746881435605135
0,0.837194066272657,0.768348961574452,0.746074306384312
0,0.576056050952345,0.455224872511662,0.797650632465728
0,0.26807475462462,0.19793307734277,0.680456596512847
0,0.882263462867314,0.83624506285148,0.681327832069352
1,0.808164659019499,0.740083035711992,0.54955372242798
0,0.80272672454068,0.733516096434789,0.72973931953477
0,0.755634203947101,0.665996948294837,0.615887571185465
1,0.886060328921231,0.845932953699971,0.707764330746598
0,0.687474778941702,0.599058776063966,0.64330009082101
0,0.183186738887505,0.124470929586475,0.593399267044396
0,0.615735170111995,0.514897383144308,0.593104024140344
0,0.280842738715399,0.193373464805336,0.655661915244856
0,0.380514358405637,0.279602660203947,0.647822530062427
0,0.460078176393551,0.358691351121937,0.731103375115868
0,0.833086885261081,0.781624134335686,0.629031123843854
0,0.702278533553174,0.607481790759855,0.731946094175034
0,0.195921971335397,0.135682506903615,0.664558792789677
1,0.890655965514408,0.849551768177112,0.695653165468714
0,0.0960018968968018,0.0610552816363023,0.657981024099149
0,0.170355004370688,0.112979572529271,0.600120522164887
0,0.0540693010134626,0.036284396737898,0.743606631816201
1,0.852974522518941,0.797998457862677,0.731095773258232
0,0.288580105988702,0.216067839687993,0.67008486481818
1,0.799297529594094,0.729262701550814,0.734964749055617
0,0.152823549075721,0.110404161393402,0.733752236975036
0,0.619681427138459,0.514607073630319,0.707544525870504
0,0.145799998111966,0.0959903450312194,0.79120625338768
1,0.487805133062045,0.401117111870567,0.725328284251747
0,0.0129461574629144,0.00837453396468828,0.697125313106623
0,0.791613745332416,0.716501231204922,0.610544776686462
0,0.246526092791862,0.176773944342622,0.702535837334536
0,0.288419845722268,0.203750619611353,0.693737743978063
0,0.0349007980101016,0.0231665821642815,0.705804532436346
0,0.528253331249807,0.42911370714328,0.69780275495283
0,0.0769161598825544,0.0511081024891324,0.708425312521249
0,0.938560903401011,0.913036851009607,0.713764310763146
0,0.0224683195889805,0.0147727375298259,0.598889109112322
1,0.835749983113845,0.771460243459845,0.662780392727231
0,0.718940629013087,0.629904106021996,0.688490406273846
0,0.0113994964675048,0.00726934750327201,0.623308954155729
0,0.680974653629771,0.577196496032605,0.547560113097638
0,0.385091666275155,0.296691274393676,0.613537153339457
0,0.350919163553243,0.270774650912107,0.765110257069291
1,0.69317355529891,0.593906805394052,0.730213342235256
0,0.0952977895922177,0.0608263557895992,0.663737426193673
0,0.759631177926858,0.667057512288789,0.686605069572745
0,0.79061011009744,0.706095187438913,0.734572099997925
0,0.0437363575622308,0.0293883388639791,0.71126427743334
1,0.834852878528492,0.775141735724405,0.610506294200841
0,0.0501257331897932,0.0322028465303882,0.689066969896877
0,0.0517733487342259,0.0330122552293756,0.662725863379787
0,0.893752060669333,0.850384543687308,0.721713725799244
0,NA,NA,0.646772549923241
0,0.0338906834948195,0.0218381533461558,0.700988164777133
1,0.629576106717151,0.528414655145442,0.746703731259108
1,0.919929782819982,0.890494020575395,0.663511541691535
1,0.445454179854886,0.351588687382432,0.660979027806623
0,0.0941727056894179,0.0671925022922374,0.703486033831219
1,0.867247519141662,0.818576544142661,0.691318665634145
0,0.0864381011357974,0.0573626803083472,0.629925612189632
0,0.174732067514772,0.125160443666811,0.687618888015365
0,0.824769841076979,0.766593396131156,0.719041868277413
0,0.366341479037453,0.259325236570259,0.640443978656825
0,0.644184055355133,0.535229157810202,0.637552151977041
0,0.635732380668631,0.529217273763432,0.786907044910316
1,0.564842460958745,0.460525499561958,0.644342699281298
0,0.732168324095646,0.646992611868937,0.708305209140183
0,0.301485002816937,0.214696121123983,0.685239049161051
0,0.709335188261876,0.619032322239844,0.590723039204263
1,0.862370622183117,0.804093204077587,0.732044577888948
0,0.528750267819728,0.408450852280358,0.75077382555107
0,0.849379243485747,0.788913921259918,0.706233084450478
0,0.721937722621006,0.64054674813038,0.593980814396102
0,0.459317867982758,0.366121044174409,0.624956097772521
0,0.472959678676512,0.373529497845698,0.611512582099766
0,0.014859081875655,0.00938928095045652,0.579151875367363
0,0.764441889541708,0.679230204358054,0.684945348711826
0,0.456577854101242,0.364536325517346,0.67731568370969
0,0.0813077891000096,0.0523060285430887,0.68168577314768
0,0.716574841437266,0.620534973194723,0.694531634597448
1,0.693629184259938,0.591226606680981,0.756642479868042
0,0.496164366976379,0.393540025604588,0.699208511627642
0,0.834844452054761,0.770782833122215,0.816378136772306
1,0.785878308474877,0.709026121827725,0.604325158812003
0,0.491896002274457,0.386416356862809,0.555172199445427
0,0.31698009345737,0.224059718317937,0.807934481162382
0,0.671803564200924,0.581237974397895,0.687506157468082
0,0.662063159355745,0.565516085644087,0.752208222666107
0,0.101589775705091,0.0727111031311461,0.647384368735917
0,0.598163081415174,0.50696495181851,0.649015022480588
0,0.182781590508721,0.136485635622207,0.605933583873017
0,0.354915612202718,0.261977621430438,0.715999550370565
0,0.103805932184225,0.0752302750907243,0.588159111363818
0,0.323262585562132,0.236151634337533,0.646789208051453
0,0.887310675629251,0.844537121242321,0.664584089372285
0,0.729149307874193,0.643573905759038,0.725428022981184
1,0.840576822363556,0.780200866871685,0.700869906753297
0,0.649627898700815,0.557799037541711,0.489103483016924
0,0.123143800240631,0.0845582060922736,0.706652334007991
1,0.917712961023938,0.883874151557127,0.585710973073526
0,0.600558561900935,0.506398938180127,0.637308170158912
0,0.403339655138247,0.309635404315185,0.726240924421708
0,0.147902980047286,0.101506511323323,0.728363181923987
0,0.869314022574364,0.814257031467413,0.800216909459603
0,0.870608474107669,0.814271577796044,0.700218691480958
0,0.910069892575173,0.869035205980866,0.702227040532831
0,0.450809186398176,0.339482856545172,0.620240878411704
0,0.680865471307191,0.576801239776175,0.552854365669713
1,0.909320552571576,0.869068234040857,0.812462445156743
1,0.198363183012822,0.14012596025867,0.682630439449041
0,0.873709538487865,0.822484202935188,0.615651114918431
1,0.921714830000651,0.891251112743486,0.689075274895589
0,0.219207990311894,0.156663822671485,0.677962982768626
0,0.81239718575869,0.740301561009957,0.565033667916078
0,0.304236939326685,0.21943183436735,0.667736327207295
0,0.782724257635251,0.707341518054752,0.739257845213232
0,0.409195408830461,0.320922555931303,0.557889526959764
0,0.014857625357272,0.00968991488622223,0.771587178945964
1,0.961809417870929,0.945657589985894,0.750832076570836
0,0.633644329238829,0.5246198655706,0.732689778732649
0,0.474384262918647,0.364282049985058,0.718924429037275
0,0.0287647045107893,0.0189962363171716,0.663508535159038
0,0.19916741905874,0.136068961098967,0.811621565009031
0,0.076120071021934,0.046093414495434,0.84143530555411
0,0.0528352017230741,0.0349017831009637,0.690897406551955
1,0.52847587860835,0.431582935125996,0.620857758651483
1,0.823064049355896,0.76197159096845,0.682612728299595
0,0.0172978217863623,0.0110863703321291,0.671064544818871
0,0.756535782076094,0.666705218321353,0.794337223696677
0,0.838880169764816,0.779560656431427,0.703760905178391
0,0.0157992283257106,0.0100360375160748,0.63791046175892
0,0.862428640189118,0.806080144586478,0.67529643187066
0,0.0141440523867786,0.00899515777419243,0.675134471964963
0,0.269101108812802,0.197658603833423,0.696346192434874
0,0.387541567070652,0.28897904238221,0.67532474264879
0,0.0258905689196448,0.0165808049617124,0.62385033352881
0,0.676811619995902,0.579815677116089,0.772884339147926
0,0.688125412552986,0.592724407587841,0.681876177964772
0,0.0487107856988368,0.0308628534926169,0.738122553153932
1,0.755916849459477,0.671875918041211,0.798786346508577
0,0.101557997206857,0.0658077969098162,0.611598974729257
1,0.878573782671542,0.832291380746672,0.63260892443128
0,0.62317736401158,0.526948649271051,0.619243723297823
0,0.23395077977681,0.157961101400033,0.661216725407809
0,0.0745644212420205,0.0520143132029402,0.726535876867535
0,0.892990119762034,0.850843649602776,0.6958761241549
0,0.232904792989054,0.169658461106224,0.56227423140773
1,0.810994206837193,0.739491501763036,0.73340149710241
1,0.747453272892769,0.655880219110582,0.748614792716221
1,0.900741215970764,0.856702979213877,0.611075060053769
0,0.0560880765855166,0.0357856789296341,0.734225914904736
0,0.0941953977921628,0.0658761962709388,0.703788302468911
0,0.325171381796756,0.246874810455824,0.550756355787393
0,0.551969345277901,0.448633302135779,0.750155068838498
0,0.317690330281966,0.241138222115741,0.65775949935967
0,0.198876400809681,0.134392483832844,0.745548621097
0,0.48403326570619,0.372652721271359,0.751036434686617
0,0.0759248529940097,0.051967528571982,0.611207610117475
0,0.776276896692073,0.696350582117973,0.738184952418113
0,0.151313644071332,0.101332034808061,0.724341892500509
1,0.69782152775543,0.615604171190375,0.820774817622957
0,0.81913000764288,0.755199763638421,0.704460130985768
0,0.346969901135518,0.258883121517914,0.681994873923076
0,0.0117599737398719,0.00760227924373131,0.692394962677299
0,0.340249942394411,0.240962414108428,0.62509418025196
0,0.0487628813261798,0.0308513629457263,0.67717292058331
0,0.34117842568919,0.245351694009876,0.701340879399463
0,0.0265892548075413,0.0173530824410734,0.795021349841916
1,0.787522821238754,0.710304480402248,0.800958597460694
0,0.0498544029578053,0.0311161098723391,0.683604634763628
1,0.803217309751752,0.749937919298218,0.630806767219635
0,0.020639109540929,0.0138439813515733,0.700638687317627
0,0.269363652982208,0.195026361093443,0.659144218005132
0,0.544956652185764,0.452047304181329,0.792063981288126
0,0.0136628558627244,0.00846443803254311,0.627399755552957
0,0.256660087918368,0.189150475463661,0.74153669899891
0,0.0840553475139956,0.0538111647745988,0.708706184653278
0,0.49481159856466,0.404188765647743,0.731274192648283
1,0.924554714375975,0.89215100481247,0.696101064673219
0,0.779634700760803,0.70648375439096,0.619947257518687
0,0.774464563868347,0.695840050221227,0.581928971898825
1,0.908528992015911,0.87113175752783,0.741088516971708
0,0.0592613228539036,0.0410246743960024,0.642026880820933
0,0.547490716631485,0.435120735751229,0.647647638420435
0,0.0251930963138987,0.0157909226582248,0.738756014861942
0,0.581861099560438,0.484617112661774,0.706476759853197
0,0.395566947863705,0.303107015118517,0.678860224816563
0,0.331386938142566,0.251146937534407,0.798682359049574
0,0.34098521297423,0.251336325355093,0.697911659054371
0,0.0409195036098515,0.025498249988483,0.685602931751116
1,0.645096649608386,0.533878456444104,0.729316035012925
0,0.925709366746283,0.893491567012641,0.693483859506942
1,0.286844648408399,0.205418408674369,0.777663314411819
0,0.321867789929528,0.245763695246575,0.711293425768632
1,0.438538827780047,0.35011684372335,0.683413210127216
0,0.0639015708855212,0.04056119509154,0.795435586303807
1,0.859627865325555,0.806355670171662,0.680064870330891
0,0.506196974827914,0.40404143110607,0.606938874646059
0,0.750457363256319,0.658443736470681,0.694042502799417
1,0.874291186423994,0.82046823191692,0.66268526596922
0,0.54828439510796,0.458021780678518,0.603441822744151
0,0.185973123157791,0.128174419838184,0.565255576498786
0,0.500363797062071,0.399802313728283,0.649061075478565
0,0.24857087934127,0.17740500848986,0.625506816483708
0,0.349595836735711,0.26507872704905,0.722860403982865
0,0.703852925726567,0.610007964646049,0.576950335650845
0,0.310644394504807,0.230506926109802,0.655930644952854
0,0.495199192359969,0.383177874390363,0.713852452779157
1,0.886128735309106,0.843171968235784,0.740057370507682
0,0.0330440214916432,0.0207691470675543,0.684853373452231
0,0.571537406664721,0.466437831632703,0.571221918611552
1,0.409578567554964,0.313214571977107,0.731435156632175
0,0.481270820288317,0.384103269819464,0.623411967828377
0,0.0604623470747011,0.0400386499603308,0.753240566449879
1,0.516122085413492,0.408905277926678,0.758580375574016
1,0.591051246512789,0.494684182382853,0.695105172445252
0,0.160672782951841,0.109244349045026,0.639282405083233
0,0.5648604278961,0.451167102592694,0.737142685489523
0,0.825657694805843,0.764981985274012,0.65540595986724
0,0.518301315900325,0.417720509583483,0.518843950701399
0,0.329663997429189,0.255638197893394,0.679174193802546
0,0.350377505398634,0.260571645209773,0.697111229187796
0,0.781986148212753,0.704062402923216,0.652787853773349
0,0.0431770599243655,0.0274068693330481,0.688036404485434
0,0.475253324592883,0.374072519731804,0.699753818054289
0,0.710857912593178,0.622101775776246,0.638874009642651
0,0.356078522016387,0.263579076236559,0.752535937152005
0,0.391277772090009,0.29624184972997,0.632375714376484
0,0.517490513785501,0.402080883553141,0.68736800103912
0,0.563439821689909,0.46737298313262,0.54665921801093
0,0.264630501090228,0.186023288135975,0.649917198506056
0,0.0299601067764774,0.0183694713988666,0.759535393233828
0,0.856671250299794,0.794538295931851,0.81064908834386
0,0.713891147335416,0.619871156803719,0.550326747738383
0,0.856557855507372,0.812371956025593,0.77835636029983
1,0.52896034752518,0.414629092463156,0.678080061855596
0,0.419944142533635,0.312660670486389,0.700482199561612
0,0.56002073118409,0.459366933886235,0.825205925105525
1,0.915130528845362,0.878171656917038,0.707504140014028
1,0.869067069746842,0.815741204993968,0.631295747166596
0,0.379157169163706,0.291867594978217,0.668736043635914
0,0.255760196188873,0.183626942512617,0.546624824640654
0,0.557897902641242,0.444476815224312,0.697819335629626
0,0.0395827720237122,0.0254139118485689,0.759996488875979
0,0.889561192750946,0.845647659960105,0.623757709068288
0,0.112633351356513,0.0714739338036224,0.619922017433219
1,0.725163702509203,0.639690933151286,0.645368841524239
0,0.837541643842374,0.777377018343414,0.73891602038671
1,0.737331829433128,0.654461331754437,0.670132011158978
1,0.820464556394967,0.751130612707736,0.663997185373772
1,0.915631975966808,0.88273971846363,0.736336074772441
0,0.29666191224656,0.220396979895185,0.664641043068877
0,0.771750290209393,0.693678509075813,0.661123204169687
0,0.256935124806288,0.177899709027231,0.74781326726961
0,0.0174827665880224,0.011536966031887,0.735776609152289
1,0.88920154085853,0.841752360014373,0.742350333346202
0,0.667719750078311,0.577248026785409,0.675316781816986
0,0.141882237091117,0.0910396693259131,0.70587542408234
0,0.740658806530985,0.662014493610717,0.721193097679757
0,0.404242277999548,0.307967897609187,0.738063394518789
1,0.806356744947973,0.733399163464343,0.621714707084359
1,0.661308777771933,0.556725695254639,0.716948056846818
0,0.570419740971961,0.458274238664116,0.719833772617125
0,0.14837638474901,0.099580733290279,0.6592878565151
0,0.0556837299478469,0.037113291356858,0.702131212863482
1,0.658281803913248,0.555424881652504,0.630744972409885
0,0.230165018067775,0.16516367756686,0.69721890948892
0,0.890448548870678,0.847361747002407,0.602787533030462
0,0.91458431239799,0.878823939150448,0.58873295438071
0,0.607980074195284,0.503133418508522,0.670669708976234
1,0.79279700476991,0.727607262438327,0.702168443954313
1,0.918289246616927,0.886395455080705,0.650766321355965
1,0.843990305196606,0.790727930734582,0.606828181666823
0,0.0920264812660204,0.0586193525544387,0.730263610958828
1,0.810409322272104,0.742401501216395,0.684597303398166
0,0.163808028006543,0.11029697378594,0.779252176262115
0,0.0125382425630766,0.00811730166958143,0.648259228300944
0,0.0121270330246868,0.00760590263484238,0.767100518555674
0,0.806804402315651,0.723494258935701,0.732672561295877
0,0.430774345199093,0.33397162429345,0.77004842045934
0,0.435762626073884,0.333728838126106,0.668726728076785
0,0.0254709035708962,0.0162478537325737,0.834750483688436
0,0.0373923845046913,0.0235470409359532,0.681169826795158
1,0.902533769189106,0.864041924917369,0.755697986576698
0,0.554909682373901,0.454868749755626,0.766065051531738
0,0.778579581058304,0.694497041426279,0.651412587278225
0,0.568581279605931,0.469033938423122,0.682164328794451
1,0.817978209141675,0.744827688476032,0.72634100015493
1,0.740994524587054,0.64803812597176,0.704216457348709
1,0.269675408960292,0.196885500464935,0.577024053149665
0,0.87561778819342,0.827149222830945,0.623543803160366
0,0.388966211476177,0.295778594407985,0.764895885828548
0,0.79840128222646,0.717217974816606,0.77333605718115
0,0.840788087228501,0.775367509336782,0.799981154529687
1,0.885929448204007,0.842391162203383,0.729080663576017
0,0.846612432172804,0.789966746180653,0.624081241914873
0,0.0972108572563401,0.0685738737680555,0.697319796659911
1,0.749500995989433,0.663147988566929,0.768547575576225
0,0.102312488010901,0.0736079516461449,0.726889538864714
0,0.463977422771768,0.345609505846068,0.645190920786684
0,0.509938823570641,0.413561761346842,0.711170475530811
1,0.909444138991259,0.875466333774898,0.697656835023143
0,0.201912348720875,0.144323581450944,0.691942780482596
0,0.456897034530662,0.355645796908354,0.557584907696824
0,0.10335753228254,0.0673272867434309,0.546428988874361
1,0.894171061806984,0.849603422302765,0.758242571948643
0,0.510487336850121,0.413512776791064,0.638461690064291
1,0.712013383947242,0.618754450062528,0.76012825717016
0,0.886161810625058,0.840144340708741,0.611831144726545
0,0.0497647738909365,0.0322684491452828,0.661132810596421
1,0.654165295511217,0.553521409605328,0.823024000123063
0,0.370547641683685,0.285402759981793,0.645145754056109
0,0.875510232218863,0.829131910792273,0.650902803043665
1,0.713138921443979,0.61082935162942,0.611636261445365
0,0.135399626578927,0.0995524110358955,0.751652411691367
0,0.0168021766817948,0.0106189422628504,0.621153844336249
0,0.819522601361473,0.761605838588713,0.734614414657828
0,0.0344142153905857,0.0220966400150272,0.730459645251594
1,0.540763657350581,0.433405537300149,0.687836760805502
0,0.806532831814098,0.741784587596377,0.741422647027623
0,0.884262646808519,0.836392493142858,0.678929669825715
0,0.474779522382503,0.370989325966695,0.614684465044826
0,0.714108583445622,0.628688826595146,0.649012915215309
1,0.507985973802118,0.407608855733317,0.736104504931091
0,0.0248440725578258,0.0164377752456728,0.68384722624418
0,0.774164566667889,0.692734162567834,0.665377992763014
0,0.617916557485767,0.510302355208498,0.726909053589918
1,0.572884341123128,0.469343237818489,0.712258729651715
0,0.0679400095803926,0.0473916359000449,0.675006474210601
1,0.782219686599225,0.698869280794468,0.619612573852357
0,0.716909363299031,0.624851456630107,0.676125705099144
1,0.744704560749553,0.656086824237703,0.575222857204032
1,0.553727946920192,0.446439253261785,0.681264048160856
0,0.0378644051051587,0.0243061664454872,0.70746961260741
0,0.116522869283655,0.0805236340862352,0.694600593283683
0,0.00933892679408563,0.0059306333950448,0.724136729256433
0,0.113075819007526,0.0710896948053003,0.831649383410267
1,0.629539233530507,0.530305351147902,0.751012170211682
0,0.925661045710006,0.898255590275187,0.766083711160198
0,0.348921020799776,0.265914345355929,0.7570031304589
0,0.711357373202934,0.62868316760222,0.764042252943192
1,0.919319589106395,0.887327629766294,0.651562309847352
0,0.48381784053187,0.387976527471204,0.761597760065488
0,0.265950004346256,0.189100503100426,0.673909601353367
1,0.153566580610548,0.101082045423893,0.657579277197086
0,0.418216999343788,0.322442104256305,0.649493635092838
1,0.85349968788798,0.79284818542298,0.671432397678475
1,0.54065850868685,0.435471405421722,0.730127921853974
1,0.591392154887664,0.500539323858649,0.716119161077635
0,0.0534870406020941,0.0351536122663196,0.567276911465816
0,0.0992687596116281,0.0665623444530271,0.842090642881484
1,0.89053328353917,0.840677265048306,0.652206808456941
0,0.354607085826459,0.268451962069343,0.603272822887275
1,0.844410917862197,0.778790802197,0.77610971504123
0,0.618054762138511,0.527104627987898,0.694192083917599
0,0.866898212263535,0.821466478682101,0.73308452738745
0,0.0397612281308273,0.0261457097921492,0.710981347720948
0,0.184682686489822,0.131306313694782,0.684596053625185
0,0.237497726077469,0.169432551593916,0.73602842338325
0,0.0981310306598465,0.0675400214456971,0.689594030705173
1,0.831829735615587,0.771735055154205,0.778251412713351
0,0.760873501281853,0.679475826152897,0.692053449289815
0,0.170135574415518,0.118816006028065,0.644674417005486
0,0.838593735316536,0.773393021909489,0.553775001904708
0,0.870801270140013,0.82653792272124,0.810399065622191
0,0.821451391945824,0.764114331211622,0.684542743568168
0,0.0128401354765445,0.00820777070561107,0.770399212393942
1,0.756019399365543,0.677947785862832,0.626659645114311
0,0.283025376200832,0.210982162139077,0.677888067619415
0,0.0865004915203454,0.0578876321597135,0.795755921918207
0,0.0168896532332342,0.0109540230049286,0.565712541644566
0,0.30387835303947,0.218539037447418,0.669397015862077
0,0.280664812477268,0.201120171476215,0.707474438663936
0,0.165281092040647,0.122170105576501,0.7171708946493
1,0.919831391050261,0.886645235374446,0.682523688632351
0,0.0239156969365966,0.0157007479414187,0.728551971042657
1,0.0802989769196702,0.0504368316171626,0.65075657376561
0,0.823400187163494,0.762703199461365,0.712092370274553
0,0.786742085315266,0.713758182833603,0.729765888239739
0,0.872271650847117,0.82185271776875,0.717601028065627
0,0.15368956143828,0.0996924508940969,0.780678067304636
0,0.820479740616817,0.750768239847658,0.778586429385942
1,0.800535891278007,0.732657246242262,0.772647356069897
0,0.562712596043661,0.465919119445793,0.643997630119889
0,0.199189371349282,0.135020624180941,0.631138824424918
0,0.510984058513133,0.420567388078034,0.656600594601083
0,0.0822928796148408,0.0541395624095136,0.70341455482014
1,0.811220972929802,0.748223058088683,0.733492005322776
0,0.0993863223817403,0.0641989946408529,0.727405768965188
0,0.0556146313915967,0.0364325757449117,0.665395405265703
0,0.71224701301308,0.614149593360453,0.743012801389012
0,0.0578122430984701,0.0398244409845333,0.721106077798401
0,0.789222391944282,0.716707393163482,0.648640994107693
0,0.26598229283056,0.183259460147918,0.62201474807736
1,0.838760636236458,0.781208711331839,0.702752358814793
0,0.0625838884875127,0.0402270241180005,0.779852947174443
0,0.928255062252426,0.901212932415553,0.773317399474157
0,0.742030790078194,0.653020961656968,0.550302878101081
0,0.167315488869129,0.113936874194959,0.609636564025821
0,0.555833673618195,0.441809234873543,0.782374419226505
0,0.24691278260029,0.18461556676735,0.59792179703596
0,0.712471680891562,0.631807999067995,0.661637477877965
0,0.231380373012934,0.164720712173444,0.611868738078313
0,0.814428138922786,0.751410654487949,0.667085864399776
0,0.280045864202737,0.192106376854089,0.700896246808159
0,0.745977117114126,0.657092354451718,0.781545417857218
0,0.661864245533542,0.56697557184519,0.753384577935658
0,0.0646286261226531,0.0439180842750606,0.687432466467544
0,0.0851939509743328,0.0543109678118485,0.596435794971956
1,0.734395237419582,0.649346334863122,0.75731706720439
0,0.519828425593131,0.415147354263173,0.717330563649369
0,0.679567596571175,0.596839085715238,0.666342522110071
0,0.124989198424991,0.0898913719875049,0.710725775641073
0,0.0726156322398232,0.0489461048657303,0.685426876764975
0,0.451960375587761,0.360113179472197,0.711908712978302
0,0.231824262665426,0.164514104381735,0.688933797636093
0,0.200014471786356,0.135235106795824,0.60850448864056
0,0.474726788225983,0.374983652137392,0.632038246718309
0,0.0425344683544287,0.0279152978858364,0.806746658454295
1,0.784984813661784,0.714249544106198,0.746350304630933
0,0.17102136408095,0.12205228061518,0.753971879684391
1,0.864299385103462,0.811521772351193,0.746921817318124
1,0.689429964522341,0.585006320218205,0.573612478880481
0,0.504320622731095,0.397231239041035,0.777429786177545
0,0.440113720625409,0.342305467960287,0.686607837932532
0,0.211663545977151,0.157992937121168,0.607935381785367
0,0.599937240425001,0.490381491712691,0.641727782051209
0,0.403850947042205,0.31428937217626,0.687125638910848
0,0.0774836940821032,0.050367138400914,0.660328854452142
0,0.733364998045526,0.653149068233285,0.634080300731918
1,0.910328649393683,0.867654646234978,0.70699866885713
0,0.70041015595612,0.603527298489412,0.648537189578693
1,0.473883803055381,0.370466353406601,0.823129282383418
0,0.748968689007208,0.667128958426485,0.588542971660976
0,0.263131769695279,0.186030180393048,0.668643486057306
0,0.855263916604054,0.797472201822353,0.678314750260776
0,0.127620418664256,0.0852466925672139,0.746643076741629
0,0.0210069709978209,0.0138301915159245,0.715542899356175
0,0.193786437027042,0.137365106283839,0.744554908755949
0,0.0446601890448407,0.0278946212200415,0.766335749354741
0,0.782493702493739,0.718033400327873,0.621933490408735
1,0.885544432521647,0.841845937824911,0.550227041699391
0,NA,NA,0.772048553006973
0,0.0241690183571003,0.0159443171841098,0.681201875255842
0,0.482052088857253,0.384006272677609,0.75415334987911
0,0.195786283192586,0.141182143863396,0.682842153785448
0,0.020592163265858,0.01334861585113,0.690096250789385
1,0.926565970436817,0.900514756438203,0.696886542849595
0,0.184722368032712,0.122927235082622,0.715985622487098
1,0.947390119523819,0.925395590654249,0.673531216893414
0,0.0538140029953329,0.034275188137248,0.755966705875022
1,0.833531583734045,0.769394659143729,0.786157855368373
0,0.136085222301885,0.0916234352563928,0.531930201395383
0,0.443004314620499,0.335291830223478,0.573994870329329
0,0.47007863647531,0.380345336913394,0.716441161727782
1,0.922461693975157,0.891086720198592,0.797666990221892
0,0.10944669688652,0.0744071286303492,0.590806484618911
1,0.747814289609522,0.662157643881731,0.671141866618837
0,0.0256376976813956,0.0170351887095474,0.766436245400662
0,0.803572922003839,0.727811002196736,0.729960791039419
1,0.89337811028931,0.851472047588238,0.672366245732189
1,0.776511852590074,0.705669525588994,0.67660348292257
1,0.839763682022648,0.775676612677412,0.670159293654241
0,0.546821436430366,0.441056219957725,0.691664130488401
0,0.0117139756539258,0.00747915624476062,0.631316389627449
0,0.120051021215466,0.0816995790524002,0.627718522693968
0,0.725829195400956,0.64243463121984,0.668046901991391
1,0.937968402016159,0.911620108722057,0.731737018717924
0,0.666789284547875,0.573246739622438,0.756475696026296
0,0.70491792812955,0.615513661543294,0.664218963313375
0,0.726305332931109,0.647881986334136,0.719000860580263
0,0.726583549165292,0.643955614434885,0.679330421965609
0,0.420076086320102,0.323246511358623,0.688527678437009
1,0.871169072945775,0.817673802390437,0.628966011172898
0,0.0234081360108458,0.0146944020338696,0.696647248685468
0,0.560251443340984,0.464422027575654,0.574184660999226
0,0.658000790361461,0.553783802225198,0.68693344438701
0,0.216788878856501,0.156248002696545,0.753770237803754
0,0.865187230568688,0.815225332457927,0.612202063731337
1,0.699413062208148,0.610306535683691,0.665494935427049
0,0.517807138417102,0.409836390372717,0.690299730598197
0,0.89159800800083,0.852598249895499,0.658159096894676
1,0.921297514581437,0.89045205314396,0.686780370427711
0,0.246781394153755,0.181306368645254,0.769388584432569
0,0.520967211278903,0.414208980679943,0.739054577201761
1,0.701109422458407,0.612399542934701,0.549054146169307
0,0.0920997355777965,0.0600885244150351,0.735527223978747
0,0.151385202668087,0.105088654551014,0.70289282038859
0,0.765288882626199,0.688095736587558,0.752105488929816
1,0.407604506867445,0.31359107743984,0.556775941317435
1,0.923781022958552,0.890561327371325,0.675186009286489
0,0.0133972381140983,0.00842549446072849,0.772368795265662
0,0.62900032288939,0.520772487406947,0.667415710690633
1,0.577924718235728,0.470311500208505,0.765214374446747
1,0.855497071958765,0.800134018850397,0.763177813604077
0,0.251475041674272,0.173723779531786,0.596778978242415
0,0.0628007857045617,0.0429900944426955,0.803003646555546
0,0.0147016377093033,0.00933168897339277,0.476796416029684
0,0.17243536618173,0.125530168612064,0.751312550783366
0,0.801291562563553,0.736844882580793,0.724446434403519
0,0.0402872272868516,0.0267843548234731,0.705404931870268
0,0.401962113030787,0.306165612441978,0.631318117947361
0,0.156882010856039,0.108837263596142,0.728872332151921
0,0.0202102228572228,0.0133729706337582,0.686579097791982
0,0.0387439133916376,0.0256681079419141,0.809600040223378
1,0.682339773353808,0.591522578092736,0.649656786311766
1,0.900013777139088,0.860490683576385,0.752837128581754
1,0.645154486499401,0.548901614257237,0.695976858168431
0,0.170959779423849,0.11771619864134,0.758970948225374
0,0.867262107766626,0.820153649551019,0.68791304088128
0,0.125234981720496,0.0833296818312386,0.676451723056081
0,0.365266225682199,0.286905177491382,0.67649613227128
0,0.280424130101946,0.204976356454312,0.71090765643119
0,0.530772325551486,0.433444165876741,0.728977878936399
0,0.696261530599692,0.607034136259962,0.697943896747112
0,0.163136552494395,0.116952982803862,0.582388904251216
0,0.642025971936828,0.535377615765071,0.602254467300777
0,0.425729106989191,0.324447227421139,0.741366780681052
0,0.129151157681635,0.0904466956804133,0.705792482708124
0,0.590960613489159,0.479931114431483,0.654233709986388
0,0.0678067611866243,0.0444968738114061,0.607771444070441
0,0.0232367874458628,0.0149943375698452,0.707057294448266
0,0.0716902476616381,0.0493134064936037,0.77756738606651
0,0.437369502047226,0.323255867507395,0.811191859978531
1,0.905473515174592,0.868107396436907,0.616262978244333
0,0.857608941984452,0.803095614870627,0.642508009480973
0,NA,NA,0.695306770279999
0,0.518980663026704,0.424535846521961,0.695915724061673
0,0.0546674916110734,0.0374224196728787,0.59866797374684
1,0.71509297989195,0.628648037156483,0.708679053367163
1,0.847184497471115,0.78892037016974,0.667571160794507
0,0.635233514316735,0.535367850449968,0.692722344496593
1,0.9527937708857,0.93223925999845,0.691504619364027
0,0.525979614468015,0.431017584889871,0.770738140463827
0,0.6526335766102,0.54134648525543,0.670237469719386
0,0.307454564459626,0.229098671775916,0.7270504820643
1,0.912529314134086,0.876599350848751,0.741348282850868
0,0.0576073290912883,0.0382649778652587,0.650277602126974
0,0.286793353848946,0.205283377502017,0.598547704060947
0,0.419846565299067,0.333818616188259,0.644722488109006
0,0.436412845181823,0.337506645672619,0.689540616759255
0,0.182757685726854,0.133093046718873,0.690278894134606
1,0.759495224344109,0.682596097480716,0.747423645191853
1,0.924102687517049,0.893851383160155,0.703971696702353
0,0.527757913891812,0.430498741202596,0.662159984075215
0,0.166832468083718,0.11660636457217,0.769182243770645
0,0.765475829942913,0.69351156983074,0.707173667459643
0,0.0343887476576631,0.0221570618218899,0.635866234039696
0,0.144424673545021,0.0957722208169701,0.686109100848689
0,0.428394844421627,0.333648236656257,0.630322293125847
0,0.808210182088162,0.733981617932974,0.652872544505123
0,0.77685839453741,0.692302589069954,0.652387700383792
0,0.135981331198369,0.0953938286308625,0.639261865310634
0,0.249199325518744,0.184430799008863,0.796932380545624
1,0.587430176069622,0.479136140921813,0.734094660804138
0,0.77378313143448,0.692314322947102,0.761382217122952
0,0.00944166773311823,0.00594249064199528,0.708667518431481
0,0.0704623411563822,0.0462526298889926,0.732599913159284
0,0.075696164915929,0.0530379902683737,0.714513221363305
0,0.906146039016435,0.87061672059692,0.740088507482729
0,0.264413312897555,0.190139826023836,0.626209430692832
0,0.0613045764244273,0.039890962526185,0.746942459755725
0,0.243628523622575,0.188501449992967,0.70719073848692
1,0.463113864289715,0.366144574729056,0.783867102186804
1,0.70759568196531,0.620748199554172,0.56535961291274
0,0.0214552607088232,0.0139623906400256,0.766002633012851
0,0.320515198969229,0.23418712081912,0.706957948699111
1,0.8387529503832,0.786254370687368,0.754626853013188
0,0.184758990581061,0.13127584161861,0.763024901738118
0,0.485860159796082,0.379595071461412,0.658308022918671
1,0.899671784946072,0.855160844180247,0.724770497138494
1,0.648399519671924,0.55073234034275,0.63389413920993
1,0.297821023334636,0.220696128469963,0.62729324882678
0,0.0944565077616187,0.0637827943338879,0.725004650624066
1,0.873880625516209,0.822743975967262,0.594906351615531
0,0.0564882784871294,0.0384650204015784,0.75976426021253
1,0.926346001828645,0.896223529368948,0.746326883981442
0,0.351309964719762,0.257789120756937,0.713270613883086
0,0.146952551327401,0.107062082551598,0.644519361376814
0,0.504236832785708,0.399902537860729,0.652929826915598
0,0.257003433113331,0.191322026185497,0.661566698582761
0,0.556976199200287,0.450445338572655,0.654385403691521
1,0.735683652808828,0.64494193738398,0.748065663995218
0,0.880211589009884,0.833197570828755,0.740258607141771
1,0.577602002103471,0.47106562685443,0.653747565695841
0,0.386313750846569,0.287009779553048,0.748085488312813
0,0.909240383424546,0.87293523811569,0.653418637922681
0,0.0680923908446638,0.0453825009999691,0.661017102039108
0,0.32830175337151,0.241655871459807,0.777281003869599
1,0.601303942170245,0.49630783192165,0.791751090394919
0,0.0211974985463983,0.0138714141747432,0.694200523747336
0,0.0283026504149675,0.0185162334525682,0.688273528238426
0,0.765558798729867,0.681258023775823,0.697360289095368
0,0.161210747050186,0.112537083223707,0.606390407647753
1,0.90168368720939,0.862895557959659,0.73511486592385
1,0.775745675876019,0.695469708708764,0.720847611225849
0,0.8289770219666,0.762487997346666,0.579933705813931
0,0.377547165639289,0.292802615526441,0.747716641605033
0,0.713057601687376,0.61890848474573,0.733021705891401
0,0.740676603671548,0.64667586441371,0.706127983058119
0,0.294134208810331,0.221985740862613,0.699454831018879
0,0.363883782737607,0.275744504539124,0.711886314083115
1,0.810006459489198,0.749083780316579,0.511046959638413
1,0.831957547267433,0.760836104326322,0.630366652404354
0,0.702804023803918,0.608675114519803,0.663508572588824
0,0.54729922048866,0.448646714850012,0.723274932669127
0,0.0962007463193009,0.0635771477811794,0.710206505539623
0,0.0517662128339412,0.0341188892962578,0.735434899022344
0,0.316989982173396,0.232425522652795,0.726171770807945
0,0.474298655752582,0.36733722009101,0.752505131258985
1,0.931769426861273,0.904616202962265,0.624919225123896
0,0.468416010806487,0.370644277044009,0.613063227896486
0,0.58257785504649,0.473054861022246,0.553009594385691
0,0.0183826719289821,0.0123141187399347,0.819422587297745
1,0.715749537513526,0.627980843407005,0.680427665693461
0,0.063355531379142,0.0428531272158241,0.692311459730288
0,0.729349735543916,0.638785168075648,0.595911282467507
0,0.138880475214319,0.0938512466781574,0.747004077068518
0,0.847586057169178,0.78764968576649,0.780968856154187
0,0.252053972153327,0.177626698800767,0.659197755687348
0,0.12199708289789,0.0810141149569981,0.606680569295894
1,0.0902872712965226,0.0592939867742883,0.483255385791341
1,0.824276184102062,0.760269060369078,0.617998130188656
0,0.187458233075207,0.131166799533965,0.572803907927449
1,0.887870347058211,0.845986365576234,0.658109400937065
1,0.0971684451084898,0.0682156071868689,0.728747430479425
0,0.0516841818207327,0.0343568840414882,0.711678595647052
0,0.445930620155139,0.346615064445094,0.695704639832319
1,0.416124595331525,0.322355707714612,0.583647987148455
1,0.81248369871611,0.742906003541784,0.727774193902417
1,0.449918887768861,0.351536510018665,0.713875349953559
0,0.0568661189785545,0.0362223121359103,0.821994303163319
0,0.444807987952763,0.352659511097983,0.694352591553402
0,0.0588687156748083,0.0404447430120497,0.745370540823839
0,0.664708068498357,0.57801023839798,0.654315172038495
1,0.764185738748467,0.675726809373284,0.588782697189161
1,0.537408216996027,0.425255805252415,0.736119973130625
0,0.166050981685665,0.11348375446482,0.713746317682483
0,0.0211140104038833,0.0141741827770099,0.693283573493549
0,0.720881528446309,0.630043791582318,0.698553627136563
1,0.863599696705983,0.813826820495073,0.617924600862428
0,0.155837556736207,0.108176133012239,0.685449358920627
0,0.0811213586699944,0.0548145058899892,0.773947548734893
1,0.565029832809829,0.46884995507127,0.707245153622401
0,0.0177950221178999,0.0113107498400275,0.592362895357949
0,0.0362823320255961,0.0243802558196968,0.635847425802936
1,0.825188270559282,0.762905280914151,0.636311404254632
1,0.905389497157994,0.866771342312519,0.614023337028175
0,0.838085867271823,0.778306678643268,0.66692148645618
1,0.844305738782011,0.785867369523158,0.7788060465142
0,0.489300967422986,0.373191149748552,0.589656745729111
0,0.886470641877876,0.83661388422665,0.604199395926332
1,0.693460487065003,0.596758429186307,0.649922181224073
0,0.142930912537436,0.103170843200148,0.780491174624211
0,0.914662965952377,0.876633310694908,0.675930269615861
0,0.0728533074717482,0.0511538440860579,0.656977272633459
0,0.72435665067203,0.638356142949879,0.669211492081676
0,0.320195172457771,0.232191483536376,0.713431018031312
0,0.00921302624066473,0.0057506729444277,0.593716591945049
1,0.553583787087454,0.454820725531009,0.687246683634705
0,0.0909473347010956,0.060184832513302,0.546539678244486
0,0.0481009618935072,0.0313169151316099,0.706384885253212
1,0.858929738776911,0.810028895389754,0.734046491370983
0,0.473444059238231,0.367924051590426,0.751779841947664
1,0.846514622048917,0.779334077818139,0.765956719140051
0,0.380685232121047,0.285376680884632,0.663599752325452
1,0.802980924227575,0.730094704249997,0.750922377296187
1,0.901709302406133,0.863195596997717,0.788738150226303
0,0.304151952777861,0.219083838463477,0.635471733453637
0,0.417870603460665,0.330599911708933,0.599314677825331
1,0.666024423775739,0.568296583819546,0.655671576703778
1,0.574619492881167,0.475364842032936,0.671386484361838
0,0.0260925186247828,0.0161078052961076,0.555541578511525
0,0.274940167302643,0.204462468356639,0.675812463481774
0,0.405510666720934,0.317661803987633,0.721070433031846
0,0.418204800574536,0.32115191511426,0.660185983189946
0,0.425085642016631,0.335041630719867,0.628231551370051
0,0.052625593744659,0.0342610551052581,0.658964041621273
0,0.0316060999730728,0.0207410796119652,0.858330141651568
0,0.00927206774627913,0.00587240584466686,0.734703002114641
0,0.367002803834835,0.269113360408242,0.758505090142732
0,0.40354569712742,0.294447072062562,0.635751371475455
0,0.0341537160177278,0.021470777135909,0.743705708100063
0,0.506788388052276,0.409295927023821,0.722137867695139
0,0.873538276693063,0.818131671405024,0.637842944111651
1,0.753766738766805,0.666404221521308,0.664883932449824
0,0.761987355989765,0.678951059824234,0.676758376545674
0,0.136104446843053,0.0936848926248706,0.768263835194089
0,0.765692726726372,0.687481315273871,0.651262937937562
0,0.381478242127321,0.291878126413894,0.635486949515979
0,0.164563869387529,0.113486589089601,0.6683782824372
0,0.31279539734612,0.22650305311493,0.530019228911657
0,0.0361256291288413,0.0229065177691207,0.806884984712442
0,0.0973674205304188,0.0645207965917437,0.529514875127989
0,0.720694526552523,0.640011689185949,0.774450128940741
0,0.824645872237802,0.761415484845898,0.711743969798173
1,0.297768201672937,0.20683762343137,0.726902979457458
1,0.914802989555964,0.882064533709463,0.771152663567355
0,0.439218980145696,0.337551705927371,0.600952033021972
0,0.446154285095361,0.334189349239107,0.588768178878912
0,0.885418905342947,0.839059539931451,0.735334643005674
1,0.204093775952523,0.136483793852096,0.697487051818433
0,0.692848485838299,0.603958530004499,0.725754406882156
0,0.32983280723578,0.24503105697411,0.763948679027532
0,0.0486475547040123,0.0327362208889131,0.676363714036606
0,0.53387420590631,0.436433484291004,0.610030076892524
1,0.547379454794074,0.444073547260143,0.790392472967839
0,0.62038071210294,0.518894248443484,0.718397358909275
1,0.593322138507556,0.490306400608568,0.711265562844399
1,0.854997149654489,0.794251110963127,0.731921670654467
0,0.826912334053161,0.755977310606278,0.714909480354368
0,0.0468586554535778,0.0307314896196504,0.602857104014929
1,0.872622426728365,0.824486055797981,0.698840001402345
0,0.180469459156306,0.135860924243575,0.689411873460891
0,0.0213643795119854,0.0140185988943914,0.716179828308116
0,0.503670355208696,0.390818143941771,0.699249954973735
1,0.499281841778558,0.398856095703639,0.705865994171355
0,0.689837662290134,0.596890885351318,0.653041107000481
0,0.461237712961664,0.366356579977317,0.5045614696537
1,0.71111906996404,0.616203748456042,0.631475102635093
1,0.790756378759522,0.715006547301094,0.656849144599686
0,0.570404188713419,0.468042094765108,0.809062040053957
1,0.857567197758176,0.811372275762368,0.637844814699355
0,0.835843457327911,0.769131895517691,0.716328082432709
0,0.0769955021350066,0.0497154738531001,0.566366821124381
0,0.827186236404363,0.763751710739074,0.656124300108809
1,0.940118660399846,0.914871517836118,0.467936602047648
0,0.805282852850982,0.732060061296792,0.774595534261347
0,0.741538188611565,0.643679382255373,0.62027133554434
0,0.795558653418318,0.725464425455141,0.675445497141865
0,0.0124514757137753,0.00774219315314032,0.694721379157349
0,0.523579470056151,0.430176927725038,0.708756293693836
0,0.467911334250877,0.372259260932023,0.672325206154545
1,0.752690832704701,0.671164300736041,0.616721742325336
0,0.0962998320311583,0.0681706290519885,0.721618720436267
0,0.498400073725243,0.400402412471009,0.692961969150468
0,0.0514022222804237,0.0321442334815922,0.738679676703087
0,0.0125742057125855,0.00799660015857368,0.724085833450118
0,0.87304007849581,0.826318504063434,0.786694960683287
0,0.458029049044225,0.363307949719272,0.682498388079868
0,0.022903656668076,0.0142980107717838,0.626458111280303
0,0.0443367220157641,0.0299028843254177,0.667425568732265
0,0.306379400375336,0.224672848486764,0.700985299937653
0,0.0563047557135695,0.0379359180880358,0.786213098644239
0,0.81948663286945,0.752750006809305,0.625391225442692
0,0.438659331476737,0.34353796721785,0.678873065008767
1,0.376985036391029,0.289825911566861,0.756534317420635
0,0.0406270239290298,0.0277802276807503,0.754935055608109
0,0.661240406406016,0.558261583309509,0.781303644922888
0,0.76376455372672,0.687618048227598,0.608884799981227
0,0.230406131416575,0.160332100499382,0.676670917448935
0,0.10961641004694,0.0710711061783178,0.702612281279024
0,0.0791368175577117,0.0526070596471196,0.786935581428118
0,0.0291333290101914,0.0188976710784206,0.644343943673388
1,0.843788143937668,0.787571229269045,0.657573373765259
0,0.0594562748119858,0.0380840857411845,0.739176800732995
0,0.605693681526249,0.508554787384661,0.747275947906195
1,0.865093818316146,0.809520746742041,0.822717891952328
0,0.557665127716732,0.448832036295144,0.712673741554198
1,0.502527853811253,0.401698587284353,0.656887794091141
0,0.578772912903599,0.477126535514709,0.765765075108127
1,0.90347255213893,0.861084933678898,0.578063242563514
1,0.864569894617994,0.814710224466542,0.633367844201282
0,0.0362699438443525,0.0226938533529851,0.663346189373752
0,0.0214229413196955,0.0137324929535607,0.694690535943717
0,0.531754958470462,0.43310962941942,0.61396328698432
1,0.88225314383327,0.833816260995468,0.774602303913678
1,0.604949182027978,0.504769586293424,0.847235847702064
1,0.905931109082023,0.868143399202953,0.730863727427858
0,0.918452214959826,0.886268130615068,0.761326747685329
0,0.00944074668944979,0.00601033263689914,0.579051961703232
0,0.0855960914364352,0.0555585465905122,0.631234474261127
0,0.225254312633524,0.157626485045334,0.743290993348069
0,0.250874708441299,0.187409717588854,0.643834811706559
1,0.853905044216384,0.798027799156499,0.708210314620463
0,0.083150544113812,0.0541309083035771,0.778108796829923
0,0.841905432011747,0.777649113886135,0.533156413017467
0,0.637916384906755,0.544478439249987,0.765890104788415
1,0.906539143238733,0.866991562968719,0.839411382170949
1,0.486268810780507,0.383016062719685,0.641455699899674
1,0.602057206760712,0.504623203695734,0.76685789171414
0,0.0741052327170947,0.0479981742846884,0.665597004868479
0,0.0192286691539584,0.0128188853327033,0.725067203056904
0,0.69414883562395,0.599998764308675,0.703577287937924
0,0.136250537488076,0.0957660881603525,0.783643135675399
1,0.61983296766568,0.519419692894208,0.762388139364904
0,0.0517685927286121,0.0328839535756095,0.714916810359839
0,0.621319640069967,0.51272635730716,0.638105348233467
0,0.753548174777418,0.674671254824106,0.501627103788958
0,0.116318392895759,0.081184968442583,0.729584014415182
0,0.569123966127051,0.458231571737472,0.672702697083025
0,0.0228397206946219,0.0151986612783505,0.605577826764674
0,0.394224979324414,0.295193584370175,0.68929801029439
0,0.407414730080022,0.30560065253125,0.763102094663305
1,0.829458633714923,0.771292712075702,0.611359059920278
0,0.294813454753695,0.213855851515053,0.677957925533813
0,0.402181614720347,0.303335501235649,0.812681702527052
1,0.746736892810228,0.669495283421117,0.725226751286278
1,0.894851779256366,0.859529552709285,0.751223409398198
1,0.500443789780502,0.399074243357595,0.71139994183253
0,0.210419228365715,0.144894667953401,0.69948836395152
1,0.892759658631016,0.851055466534849,0.712668007046848
1,0.889310924038852,0.84359987654701,0.825406819162538
0,0.17190772449177,0.129126046299925,0.725327119495803
0,0.0274626013041844,0.0173656247360714,0.623888002764516
1,0.84663341560785,0.781639305637448,0.641669489571505
0,0.0466994701988031,0.029882160473661,0.698170684748619
1,0.898648554105896,0.861686448141404,0.652902066060531
0,0.181282388996566,0.130255399666926,0.765452718542121
1,0.900897981320389,0.865761576256825,0.753968064239213
0,0.145927804487503,0.100738619706257,0.716127373410301
0,0.0604651737836344,0.0391630619384757,0.598685311887892
0,0.549189446782846,0.453745610396472,0.793910260569045
0,0.0414348055090999,0.0278194075918318,0.716225939304588
1,0.840312891867376,0.777412433300356,0.69473926219501
0,0.460125887434151,0.355120932663838,0.693947984585668
0,0.797804054341988,0.718298359481024,0.672200764762591
1,0.811081486853072,0.743156233511294,0.607614075079282
1,0.53387420590631,0.436433484291004,0.660657463564261
0,0.473660519278326,0.36444604924206,0.816033520301727
0,0.763676455796112,0.686007021495091,0.845271350361152
0,0.361565274705513,0.271154280810982,0.69450363699278
1,0.556827944438098,0.446279355128524,0.705169954921242
0,0.0710025760888271,0.0451987984233723,0.632528427083451
0,0.685553784706338,0.591795050849378,0.735418220164047
1,0.878845245824947,0.830019180531635,0.626278618539605
1,0.558653365606424,0.462948191278266,0.656966893759358
1,0.889761924421727,0.845869753905269,0.582975792574097
0,0.197151290163631,0.132751259908092,0.639475616098223
0,0.496639765212826,0.387954081327412,0.666932040089182
0,0.107257841930508,0.0722150562988675,0.732580428582185
0,0.0178096961106329,0.0116138463993708,0.697905036450181
0,0.368006434777162,0.274743424483521,0.602364117486228
